0 0.10457516339869281 0.2646484375 0.08823529411764706 0.123046875
0 0.04656862745098039 0.416015625 0.07679738562091504 0.12109375
0 0.24019607843137256 0.33984375 0.0784313725490196 0.1328125
0 0.3145424836601307 0.3427734375 0.07352941176470588 0.123046875
0 0.3570261437908497 0.5283203125 0.08333333333333334 0.123046875
0 0.4158496732026144 0.6865234375 0.08006535947712419 0.134765625
0 0.46568627450980393 0.6728515625 0.06535947712418301 0.138671875
0 0.6699346405228759 0.580078125 0.08823529411764706 0.12109375
0 0.5392156862745098 0.212890625 0.08169934640522876 0.125
0 0.5890522875816994 0.1552734375 0.08006535947712419 0.134765625
0 0.684640522875817 0.0478515625 0.06209150326797386 0.091796875
0 0.8202614379084967 0.029296875 0.06209150326797386 0.0546875
0 0.9517973856209151 0.1396484375 0.07352941176470588 0.080078125
0 0.9599673202614379 0.1884765625 0.06699346405228758 0.095703125
