0 0.9468954248366014 0.287109375 0.10620915032679738 0.15234375
0 0.428921568627451 0.4033203125 0.07352941176470588 0.080078125
0 0.4959150326797386 0.427734375 0.07679738562091504 0.09375
0 0.46486928104575165 0.45703125 0.06372549019607843 0.06640625
0 0.7467320261437909 0.4853515625 0.06535947712418301 0.080078125
0 0.6160130718954249 0.5615234375 0.049019607843137254 0.068359375
0 0.7279411764705882 0.607421875 0.08006535947712419 0.109375
0 0.7990196078431373 0.5986328125 0.0784313725490196 0.103515625
0 0.8717320261437909 0.544921875 0.06699346405228758 0.0703125
0 0.928921568627451 0.5537109375 0.07026143790849673 0.091796875
0 0.875 0.599609375 0.08333333333333334 0.08203125
0 0.8194444444444444 0.658203125 0.06372549019607843 0.0625
0 0.8676470588235294 0.6650390625 0.06862745098039216 0.072265625
0 0.8799019607843137 0.71875 0.06372549019607843 0.06640625
0 0.9068627450980392 0.7529296875 0.06209150326797386 0.076171875
