0 0.16748366013071897 0.0595703125 0.07026143790849673 0.111328125
0 0.49101307189542487 0.4892578125 0.10620915032679738 0.126953125
0 0.5310457516339869 0.5478515625 0.09803921568627451 0.119140625
0 0.20179738562091504 0.6708984375 0.08660130718954248 0.123046875
0 0.15849673202614378 0.78125 0.08823529411764706 0.1171875
0 0.25980392156862747 0.8271484375 0.09477124183006536 0.138671875
0 0.6576797385620915 0.6865234375 0.08660130718954248 0.126953125
0 0.7058823529411765 0.7529296875 0.09150326797385622 0.134765625
0 0.7352941176470589 0.3583984375 0.08823529411764706 0.123046875
0 0.7696078431372549 0.4443359375 0.08169934640522876 0.119140625
0 0.9861111111111112 0.0849609375 0.02777777777777778 0.111328125
