0 0.2777777777777778 0.57421875 0.09477124183006536 0.15234375
0 0.2042483660130719 0.87109375 0.0784313725490196 0.09765625
0 0.2173202614379085 0.970703125 0.0784313725490196 0.05859375
0 0.6552287581699346 0.9482421875 0.07516339869281045 0.083984375
0 0.6854575163398693 0.892578125 0.057189542483660136 0.078125
0 0.5269607843137255 0.52734375 0.09313725490196079 0.13671875
0 0.5408496732026143 0.4296875 0.09803921568627451 0.11328125
0 0.7794117647058824 0.5458984375 0.05228758169934641 0.060546875
0 0.9321895424836601 0.5703125 0.06372549019607843 0.078125
0 0.8382352941176471 0.3037109375 0.042483660130718956 0.064453125
0 0.5089869281045751 0.16015625 0.09313725490196079 0.125
