0 0.028594771241830068 0.119140625 0.05392156862745098 0.1015625
0 0.07026143790849673 0.4169921875 0.0784313725490196 0.111328125
0 0.026143790849673203 0.474609375 0.049019607843137254 0.10546875
0 0.03676470588235294 0.6005859375 0.06045751633986928 0.095703125
0 0.02369281045751634 0.6630859375 0.04084967320261438 0.068359375
0 0.059640522875817 0.7431640625 0.07026143790849673 0.083984375
0 0.1985294117647059 0.435546875 0.06699346405228758 0.09375
0 0.16748366013071897 0.51953125 0.06045751633986928 0.08203125
0 0.2238562091503268 0.5146484375 0.07189542483660132 0.087890625
0 0.28104575163398693 0.3857421875 0.06209150326797386 0.083984375
0 0.2949346405228758 0.3369140625 0.057189542483660136 0.080078125
0 0.6650326797385621 0.4228515625 0.06862745098039216 0.099609375
0 0.7197712418300654 0.416015625 0.06045751633986928 0.0859375
0 0.25326797385620914 0.6650390625 0.06209150326797386 0.087890625
0 0.2826797385620915 0.73046875 0.06862745098039216 0.09765625
0 0.3758169934640523 0.677734375 0.06862745098039216 0.09375
0 0.49264705882352944 0.61328125 0.07352941176470588 0.09375
0 0.5081699346405228 0.5625 0.08496732026143791 0.08984375
0 0.5808823529411765 0.595703125 0.06372549019607843 0.0859375
0 0.6813725490196079 0.548828125 0.07189542483660132 0.09765625
0 0.7622549019607844 0.8271484375 0.06372549019607843 0.087890625
0 0.8104575163398693 0.91796875 0.07189542483660132 0.08984375
0 0.888888888888889 0.34765625 0.04575163398692811 0.0546875
0 0.8709150326797386 0.3642578125 0.042483660130718956 0.052734375
0 0.8129084967320261 0.8671875 0.06699346405228758 0.07421875
0 0.28758169934640526 0.236328125 0.058823529411764705 0.07421875
0 0.34068627450980393 0.52734375 0.07026143790849673 0.09375
