0 0.4820261437908497 0.216796875 0.08823529411764706 0.09765625
0 0.33415032679738566 0.34765625 0.07679738562091504 0.1015625
0 0.38153594771241833 0.4287109375 0.07026143790849673 0.095703125
0 0.022058823529411766 0.462890625 0.04084967320261438 0.0859375
0 0.21160130718954248 0.5029296875 0.06045751633986928 0.080078125
0 0.17238562091503268 0.7412109375 0.057189542483660136 0.072265625
0 0.03594771241830066 0.892578125 0.05228758169934641 0.0859375
0 0.6315359477124183 0.8173828125 0.08333333333333334 0.111328125
0 0.4722222222222222 0.5361328125 0.07189542483660132 0.103515625
0 0.5269607843137255 0.5087890625 0.06699346405228758 0.111328125
0 0.5825163398692811 0.5703125 0.08986928104575163 0.1171875
0 0.7026143790849674 0.3369140625 0.08823529411764706 0.115234375
0 0.7205882352941176 0.263671875 0.08496732026143791 0.109375
0 0.7867647058823529 0.4345703125 0.057189542483660136 0.099609375
0 0.8120915032679739 0.419921875 0.06535947712418301 0.11328125
0 0.9019607843137255 0.22265625 0.058823529411764705 0.078125
