0 0.05310457516339869 0.357421875 0.06699346405228758 0.09765625
0 0.33415032679738566 0.248046875 0.08006535947712419 0.125
0 0.553921568627451 0.2919921875 0.10130718954248366 0.115234375
0 0.5531045751633987 0.2177734375 0.07352941176470588 0.076171875
0 0.5874183006535948 0.06640625 0.07679738562091504 0.09375
0 0.6339869281045751 0.0849609375 0.08169934640522876 0.107421875
0 0.8325163398692811 0.0341796875 0.08660130718954248 0.064453125
0 0.7565359477124183 0.25 0.05555555555555556 0.09375
0 0.798202614379085 0.216796875 0.06699346405228758 0.08203125
0 0.8325163398692811 0.2880859375 0.07679738562091504 0.103515625
0 0.7238562091503268 0.4541015625 0.06535947712418301 0.103515625
0 0.7867647058823529 0.4501953125 0.07026143790849673 0.103515625
0 0.857843137254902 0.5068359375 0.06209150326797386 0.080078125
0 0.9665032679738562 0.5869140625 0.057189542483660136 0.080078125
0 0.5866013071895425 0.7939453125 0.07189542483660132 0.103515625
0 0.7875816993464052 0.7373046875 0.049019607843137254 0.068359375
0 0.9624183006535948 0.724609375 0.06209150326797386 0.07421875
0 0.12663398692810457 0.3662109375 0.07026143790849673 0.095703125
0 0.6503267973856209 0.4931640625 0.05228758169934641 0.060546875
