0 0.4812091503267974 0.0703125 0.07352941176470588 0.09765625
0 0.7524509803921569 0.041015625 0.07679738562091504 0.078125
0 0.9599673202614379 0.2353515625 0.07352941176470588 0.130859375
0 0.923202614379085 0.2431640625 0.06209150326797386 0.119140625
0 0.3194444444444445 0.115234375 0.08006535947712419 0.12109375
0 0.17973856209150327 0.158203125 0.08496732026143791 0.11328125
0 0.13480392156862744 0.0595703125 0.06045751633986928 0.060546875
0 0.125 0.1728515625 0.04738562091503268 0.060546875
0 0.1053921568627451 0.111328125 0.06699346405228758 0.09765625
0 0.06127450980392157 0.1328125 0.06699346405228758 0.10546875
0 0.018790849673202614 0.1171875 0.03431372549019608 0.06640625
0 0.026143790849673203 0.18359375 0.049019607843137254 0.08984375
