0 0.04820261437908497 0.68359375 0.08006535947712419 0.09765625
0 0.7434640522875817 0.6513671875 0.11764705882352941 0.142578125
0 0.803921568627451 0.681640625 0.09803921568627451 0.15625
0 0.6683006535947713 0.75390625 0.058823529411764705 0.07421875
0 0.6609477124183006 0.658203125 0.04738562091503268 0.0625
0 0.6274509803921569 0.9248046875 0.049019607843137254 0.076171875
0 0.6053921568627452 0.841796875 0.04411764705882353 0.0546875
0 0.46977124183006536 0.875 0.057189542483660136 0.0703125
0 0.4616013071895425 0.91796875 0.057189542483660136 0.0546875
0 0.869281045751634 0.4150390625 0.11111111111111112 0.154296875
0 0.755718954248366 0.0556640625 0.09313725490196079 0.107421875
0 0.3186274509803922 0.244140625 0.05555555555555556 0.078125
