0 0.040032679738562095 0.2255859375 0.07679738562091504 0.111328125
0 0.0196078431372549 0.2939453125 0.03594771241830066 0.087890625
0 0.16748366013071897 0.1767578125 0.06372549019607843 0.095703125
0 0.244281045751634 0.634765625 0.08660130718954248 0.12109375
0 0.2042483660130719 0.8056640625 0.08823529411764706 0.111328125
0 0.4297385620915033 0.74609375 0.09150326797385622 0.140625
0 0.5866013071895425 0.365234375 0.09477124183006536 0.12890625
0 0.6560457516339869 0.4453125 0.08986928104575163 0.1328125
0 0.7434640522875817 0.6162109375 0.0784313725490196 0.130859375
0 0.9240196078431373 0.1611328125 0.06045751633986928 0.111328125
