0 0.34477124183006536 0.146484375 0.05555555555555556 0.07421875
0 0.19362745098039216 0.3896484375 0.057189542483660136 0.072265625
0 0.15359477124183007 0.4345703125 0.049019607843137254 0.056640625
0 0.16013071895424838 0.466796875 0.05555555555555556 0.05078125
0 0.17565359477124184 0.513671875 0.06045751633986928 0.06640625
0 0.24673202614379086 0.8701171875 0.07189542483660132 0.080078125
0 0.4485294117647059 0.2431640625 0.06372549019607843 0.076171875
0 0.4901960784313726 0.201171875 0.06535947712418301 0.1015625
0 0.5629084967320261 0.14453125 0.05065359477124183 0.0703125
0 0.6217320261437909 0.1259765625 0.057189542483660136 0.076171875
0 0.7679738562091504 0.1748046875 0.07516339869281045 0.103515625
0 0.7965686274509804 0.1337890625 0.06699346405228758 0.080078125
0 0.4166666666666667 0.671875 0.08496732026143791 0.09765625
0 0.428921568627451 0.720703125 0.07026143790849673 0.09765625
0 0.4869281045751634 0.7470703125 0.0784313725490196 0.091796875
0 0.5375816993464052 0.90625 0.09150326797385622 0.09765625
0 0.9370915032679739 0.7158203125 0.10620915032679738 0.134765625
0 0.9550653594771242 0.875 0.08986928104575163 0.11328125
