0 0.4215686274509804 0.2744140625 0.0784313725490196 0.099609375
0 0.5825163398692811 0.4638671875 0.08333333333333334 0.107421875
0 0.4035947712418301 0.943359375 0.06535947712418301 0.078125
0 0.49264705882352944 0.6748046875 0.03758169934640523 0.076171875
0 0.7361111111111112 0.712890625 0.10620915032679738 0.125
0 0.5375816993464052 0.861328125 0.05555555555555556 0.07421875
0 0.559640522875817 0.9130859375 0.05392156862745098 0.076171875
0 0.5784313725490197 0.87109375 0.049019607843137254 0.0703125
0 0.809640522875817 0.72265625 0.07026143790849673 0.109375
0 0.9084967320261438 0.296875 0.10130718954248366 0.12109375
0 0.9795751633986929 0.380859375 0.04084967320261438 0.0859375
0 0.9812091503267975 0.634765625 0.03758169934640523 0.078125
