0 0.07107843137254902 0.0546875 0.04738562091503268 0.0625
0 0.28839869281045755 0.626953125 0.06045751633986928 0.0859375
0 0.25980392156862747 0.6767578125 0.06209150326797386 0.083984375
0 0.2377450980392157 0.25390625 0.07026143790849673 0.10546875
0 0.28513071895424835 0.2548828125 0.06372549019607843 0.048828125
0 0.2581699346405229 0.03515625 0.0784313725490196 0.06640625
0 0.30800653594771243 0.0791015625 0.08660130718954248 0.099609375
0 0.3741830065359477 0.2373046875 0.07516339869281045 0.095703125
0 0.41339869281045755 0.3466796875 0.09477124183006536 0.099609375
0 0.45669934640522875 0.1123046875 0.07679738562091504 0.087890625
0 0.5645424836601307 0.2451171875 0.06045751633986928 0.072265625
0 0.607843137254902 0.2890625 0.08169934640522876 0.0859375
0 0.6258169934640523 0.3759765625 0.07516339869281045 0.091796875
0 0.5857843137254902 0.640625 0.08006535947712419 0.09765625
0 0.6519607843137255 0.591796875 0.08496732026143791 0.09375
0 0.6503267973856209 0.65625 0.09477124183006536 0.10546875
0 0.5882352941176471 0.712890625 0.049019607843137254 0.08203125
0 0.6266339869281046 0.732421875 0.08006535947712419 0.1015625
0 0.9093137254901961 0.7021484375 0.09967320261437909 0.119140625
0 0.8513071895424836 0.8720703125 0.09803921568627451 0.107421875
