0 0.02777777777777778 0.2275390625 0.05228758169934641 0.087890625
0 0.03431372549019608 0.3515625 0.06209150326797386 0.0859375
0 0.09068627450980392 0.498046875 0.07352941176470588 0.09765625
0 0.08251633986928104 0.6171875 0.06372549019607843 0.1015625
0 0.02369281045751634 0.7998046875 0.04411764705882353 0.064453125
0 0.4616013071895425 0.357421875 0.09640522875816994 0.1328125
0 0.5571895424836601 0.2646484375 0.08496732026143791 0.095703125
0 0.48366013071895425 0.5068359375 0.08496732026143791 0.134765625
0 0.5563725490196079 0.5087890625 0.08333333333333334 0.126953125
0 0.6495098039215687 0.6455078125 0.08333333333333334 0.115234375
0 0.42483660130718953 0.5478515625 0.0784313725490196 0.099609375
0 0.45669934640522875 0.6484375 0.09640522875816994 0.12109375
0 0.375 0.640625 0.09967320261437909 0.12890625
0 0.33986928104575165 0.7314453125 0.06862745098039216 0.083984375
0 0.477124183006536 0.7373046875 0.07516339869281045 0.083984375
0 0.5269607843137255 0.8017578125 0.04738562091503268 0.064453125
0 0.40522875816993464 0.84375 0.05555555555555556 0.0703125
