0 0.22630718954248366 0.2080078125 0.07026143790849673 0.107421875
0 0.2434640522875817 0.0771484375 0.0784313725490196 0.107421875
0 0.630718954248366 0.3251953125 0.07189542483660132 0.091796875
0 0.24673202614379086 0.740234375 0.09477124183006536 0.09375
0 0.28431372549019607 0.7607421875 0.07516339869281045 0.103515625
0 0.3415032679738562 0.7666015625 0.058823529411764705 0.091796875
0 0.6364379084967321 0.615234375 0.05065359477124183 0.08203125
0 0.6601307189542484 0.9091796875 0.058823529411764705 0.111328125
0 0.732843137254902 0.9013671875 0.07026143790849673 0.115234375
0 0.607843137254902 0.6875 0.058823529411764705 0.08203125
0 0.630718954248366 0.7001953125 0.06535947712418301 0.099609375
0 0.7009803921568628 0.626953125 0.0784313725490196 0.09375
0 0.698529411764706 0.8046875 0.07352941176470588 0.08984375
0 0.7736928104575164 0.49609375 0.06045751633986928 0.08984375
0 0.2761437908496732 0.04296875 0.07516339869281045 0.08203125
0 0.8962418300653595 0.224609375 0.04738562091503268 0.0625
