0 0.0784313725490196 0.5498046875 0.07189542483660132 0.087890625
0 0.1323529411764706 0.609375 0.07189542483660132 0.09375
0 0.07761437908496732 0.5947265625 0.057189542483660136 0.060546875
0 0.13970588235294118 0.443359375 0.07679738562091504 0.1015625
0 0.19771241830065361 0.4306640625 0.05228758169934641 0.080078125
0 0.20833333333333334 0.189453125 0.07352941176470588 0.10546875
0 0.25571895424836605 0.224609375 0.05392156862745098 0.0625
0 0.3553921568627451 0.2431640625 0.07026143790849673 0.091796875
0 0.37336601307189543 0.1064453125 0.06699346405228758 0.087890625
0 0.43300653594771243 0.1005859375 0.06535947712418301 0.076171875
0 0.21977124183006536 0.0576171875 0.04738562091503268 0.072265625
0 0.411764705882353 0.033203125 0.06209150326797386 0.0625
0 0.4795751633986928 0.3603515625 0.08006535947712419 0.095703125
0 0.542483660130719 0.4521484375 0.07516339869281045 0.068359375
0 0.565359477124183 0.3876953125 0.06862745098039216 0.076171875
0 0.5776143790849674 0.6416015625 0.07679738562091504 0.080078125
0 0.5563725490196079 0.7001953125 0.06372549019607843 0.076171875
0 0.6127450980392157 0.3623046875 0.06535947712418301 0.087890625
0 0.6323529411764706 0.455078125 0.08169934640522876 0.08203125
0 0.6715686274509804 0.4052734375 0.08169934640522876 0.083984375
0 0.7303921568627452 0.36328125 0.09150326797385622 0.08984375
0 0.8080065359477124 0.3671875 0.08333333333333334 0.10546875
0 0.9166666666666667 0.341796875 0.08496732026143791 0.09765625
0 0.6421568627450981 0.15234375 0.09150326797385622 0.1015625
0 0.6143790849673203 0.0419921875 0.08496732026143791 0.080078125
0 0.7361111111111112 0.0791015625 0.08006535947712419 0.087890625
0 0.763888888888889 0.1630859375 0.08006535947712419 0.095703125
