0 0.6462418300653595 0.412109375 0.07352941176470588 0.07421875
0 0.8954248366013072 0.2841796875 0.07189542483660132 0.080078125
0 0.2647058823529412 0.6845703125 0.04575163398692811 0.052734375
0 0.10702614379084968 0.9609375 0.057189542483660136 0.0703125
0 0.37990196078431376 0.9501953125 0.06372549019607843 0.068359375
0 0.440359477124183 0.86328125 0.06372549019607843 0.08984375
0 0.45833333333333337 0.806640625 0.06699346405228758 0.08203125
0 0.5171568627450981 0.7412109375 0.06699346405228758 0.087890625
0 0.5686274509803921 0.7646484375 0.0784313725490196 0.083984375
0 0.613562091503268 0.798828125 0.07352941176470588 0.08984375
0 0.6380718954248367 0.7294921875 0.07679738562091504 0.083984375
