0 0.2508169934640523 0.1142578125 0.06045751633986928 0.095703125
0 0.45179738562091504 0.08203125 0.07026143790849673 0.10546875
0 0.5049019607843137 0.1181640625 0.07189542483660132 0.103515625
0 0.5767973856209151 0.1396484375 0.06535947712418301 0.091796875
0 0.5498366013071896 0.0419921875 0.06045751633986928 0.080078125
0 0.5955882352941176 0.060546875 0.07026143790849673 0.09375
0 0.4493464052287582 0.6162109375 0.10784313725490197 0.142578125
0 0.14052287581699346 0.7705078125 0.08496732026143791 0.142578125
0 0.20915032679738563 0.8369140625 0.09803921568627451 0.146484375
0 0.41258169934640526 0.9560546875 0.07679738562091504 0.087890625
0 0.8553921568627452 0.966796875 0.07026143790849673 0.06640625
