0 0.4436274509803922 0.201171875 0.07352941176470588 0.1015625
0 0.022058823529411766 0.1416015625 0.04084967320261438 0.083984375
0 0.5032679738562091 0.6845703125 0.08496732026143791 0.087890625
0 0.41421568627450983 0.6748046875 0.08006535947712419 0.107421875
0 0.3872549019607843 0.7158203125 0.058823529411764705 0.091796875
0 0.3300653594771242 0.720703125 0.07516339869281045 0.11328125
0 0.30228758169934644 0.8349609375 0.08823529411764706 0.095703125
0 0.4575163398692811 0.7841796875 0.07189542483660132 0.103515625
0 0.7312091503267975 0.8701171875 0.06045751633986928 0.080078125
0 0.8161764705882353 0.91796875 0.06372549019607843 0.078125
0 0.9795751633986929 0.59765625 0.04084967320261438 0.08203125
0 0.9436274509803921 0.4658203125 0.04738562091503268 0.080078125
