0 0.03758169934640523 0.125 0.06535947712418301 0.09765625
0 0.15604575163398693 0.0380859375 0.08333333333333334 0.072265625
0 0.29983660130718953 0.1015625 0.057189542483660136 0.07421875
0 0.3423202614379085 0.0283203125 0.06372549019607843 0.052734375
0 0.41013071895424835 0.095703125 0.07516339869281045 0.09375
0 0.17892156862745098 0.2666015625 0.06699346405228758 0.099609375
0 0.14215686274509803 0.3330078125 0.05228758169934641 0.091796875
0 0.1911764705882353 0.3486328125 0.0392156862745098 0.072265625
0 0.2303921568627451 0.3662109375 0.06862745098039216 0.080078125
0 0.21405228758169936 0.2939453125 0.05228758169934641 0.087890625
0 0.26552287581699346 0.275390625 0.06045751633986928 0.07421875
0 0.35866013071895425 0.3408203125 0.057189542483660136 0.060546875
0 0.43300653594771243 0.3291015625 0.05228758169934641 0.056640625
0 0.4534313725490196 0.3720703125 0.04738562091503268 0.060546875
0 0.6274509803921569 0.2216796875 0.06535947712418301 0.076171875
0 0.13562091503267976 0.6455078125 0.09150326797385622 0.115234375
0 0.22712418300653595 0.7802734375 0.09803921568627451 0.111328125
0 0.14379084967320263 0.8583984375 0.0784313725490196 0.111328125
0 0.31699346405228757 0.8740234375 0.06862745098039216 0.087890625
0 0.28513071895424835 0.9267578125 0.07352941176470588 0.095703125
0 0.923202614379085 0.765625 0.09477124183006536 0.1015625
0 0.9763071895424837 0.7734375 0.04738562091503268 0.125
0 0.8267973856209151 0.3779296875 0.11437908496732027 0.107421875
0 0.7753267973856209 0.244140625 0.09640522875816994 0.10546875
0 0.8913398692810458 0.1748046875 0.08660130718954248 0.099609375
