0 0.2107843137254902 0.146484375 0.08169934640522876 0.11328125
0 0.09885620915032681 0.3642578125 0.08986928104575163 0.123046875
0 0.1968954248366013 0.2216796875 0.06045751633986928 0.076171875
0 0.24591503267973858 0.4345703125 0.057189542483660136 0.076171875
0 0.1503267973856209 0.7841796875 0.07516339869281045 0.119140625
0 0.2573529411764706 0.8623046875 0.07679738562091504 0.107421875
0 0.2704248366013072 0.9599609375 0.07679738562091504 0.080078125
0 0.39950980392156865 0.572265625 0.03758169934640523 0.0625
0 0.45669934640522875 0.564453125 0.05065359477124183 0.07421875
0 0.4681372549019608 0.607421875 0.04411764705882353 0.05859375
0 0.5114379084967321 0.630859375 0.042483660130718956 0.0546875
0 0.5449346405228759 0.615234375 0.03758169934640523 0.05859375
0 0.6037581699346405 0.634765625 0.04738562091503268 0.05859375
0 0.7254901960784313 0.587890625 0.042483660130718956 0.078125
0 0.7107843137254902 0.501953125 0.042483660130718956 0.05078125
0 0.018790849673202614 0.884765625 0.03431372549019608 0.0859375
