0 0.015522875816993464 0.681640625 0.02777777777777778 0.05859375
0 0.3627450980392157 0.4521484375 0.06209150326797386 0.076171875
0 0.26143790849673204 0.529296875 0.032679738562091505 0.0546875
0 0.3431372549019608 0.56640625 0.0392156862745098 0.0625
0 0.4419934640522876 0.5693359375 0.05392156862745098 0.083984375
0 0.49264705882352944 0.6171875 0.04738562091503268 0.07421875
0 0.6013071895424836 0.41015625 0.042483660130718956 0.0859375
0 0.6241830065359477 0.46875 0.049019607843137254 0.0703125
0 0.6748366013071896 0.10546875 0.09477124183006536 0.11328125
0 0.6895424836601307 0.2548828125 0.08823529411764706 0.130859375
0 0.7671568627450981 0.31640625 0.09313725490196079 0.13671875
0 0.7312091503267975 0.392578125 0.08333333333333334 0.12109375
0 0.6911764705882353 0.455078125 0.049019607843137254 0.0625
0 0.928921568627451 0.7861328125 0.08333333333333334 0.111328125
0 0.9656862745098039 0.9208984375 0.05555555555555556 0.087890625
0 0.8472222222222222 0.068359375 0.09313725490196079 0.1171875
0 0.8962418300653595 0.052734375 0.06372549019607843 0.1015625
0 0.954248366013072 0.0595703125 0.0784313725490196 0.103515625
0 0.9068627450980392 0.2392578125 0.09150326797385622 0.091796875
0 0.9158496732026145 0.296875 0.08986928104575163 0.10546875
0 0.9558823529411765 0.3583984375 0.07189542483660132 0.095703125
0 0.684640522875817 0.91796875 0.058823529411764705 0.08203125
