0 0.13970588235294118 0.564453125 0.08986928104575163 0.1015625
0 0.29330065359477125 0.5126953125 0.08006535947712419 0.095703125
0 0.34395424836601307 0.5478515625 0.07352941176470588 0.095703125
0 0.3897058823529412 0.5244140625 0.07026143790849673 0.083984375
0 0.12745098039215685 0.81640625 0.06535947712418301 0.08203125
0 0.14787581699346405 0.86328125 0.08006535947712419 0.09375
0 0.2099673202614379 0.8310546875 0.08333333333333334 0.091796875
0 0.3513071895424837 0.84765625 0.058823529411764705 0.0859375
0 0.3513071895424837 0.935546875 0.06535947712418301 0.08203125
0 0.3823529411764706 0.8779296875 0.06209150326797386 0.072265625
0 0.4419934640522876 0.8515625 0.06372549019607843 0.07421875
0 0.45179738562091504 0.8984375 0.06699346405228758 0.078125
0 0.5098039215686274 0.8984375 0.06535947712418301 0.08984375
0 0.5024509803921569 0.423828125 0.08006535947712419 0.1015625
0 0.5465686274509804 0.3759765625 0.07026143790849673 0.083984375
0 0.6004901960784313 0.41796875 0.07679738562091504 0.08203125
0 0.6200980392156863 0.494140625 0.07352941176470588 0.09375
0 0.6764705882352942 0.484375 0.0784313725490196 0.109375
0 0.5718954248366013 0.732421875 0.05555555555555556 0.07421875
0 0.5718954248366013 0.7958984375 0.05555555555555556 0.072265625
0 0.6111111111111112 0.80859375 0.06209150326797386 0.08203125
0 0.625 0.8896484375 0.06045751633986928 0.083984375
0 0.6029411764705882 0.927734375 0.06209150326797386 0.07421875
0 0.7132352941176471 0.734375 0.057189542483660136 0.08984375
0 0.7663398692810458 0.7265625 0.06535947712418301 0.09765625
0 0.7475490196078431 0.80078125 0.06045751633986928 0.0625
0 0.7834967320261438 0.4599609375 0.08006535947712419 0.107421875
0 0.8431372549019608 0.4384765625 0.06862745098039216 0.099609375
0 0.8864379084967321 0.4189453125 0.08006535947712419 0.107421875
0 0.8978758169934641 0.5400390625 0.08986928104575163 0.107421875
0 0.9803921568627452 0.7841796875 0.0392156862745098 0.119140625
0 0.9673202614379085 0.8798828125 0.06535947712418301 0.107421875
