0 0.3178104575163399 0.4365234375 0.057189542483660136 0.060546875
0 0.3741830065359477 0.439453125 0.042483660130718956 0.0546875
0 0.6977124183006537 0.443359375 0.08169934640522876 0.10546875
0 0.6127450980392157 0.498046875 0.06535947712418301 0.1015625
0 0.6233660130718954 0.693359375 0.10294117647058824 0.1328125
0 0.8676470588235294 0.478515625 0.10130718954248366 0.13671875
0 0.8202614379084967 0.5791015625 0.09803921568627451 0.130859375
0 0.923202614379085 0.603515625 0.0784313725490196 0.12890625
0 0.7892156862745098 0.6689453125 0.09477124183006536 0.130859375
0 0.8447712418300654 0.6982421875 0.09150326797385622 0.103515625
0 0.8643790849673203 0.7890625 0.11111111111111112 0.12109375
