0 0.26143790849673204 0.037109375 0.09150326797385622 0.0703125
0 0.25245098039215685 0.1806640625 0.09313725490196079 0.095703125
0 0.1919934640522876 0.1923828125 0.05392156862745098 0.072265625
0 0.2818627450980392 0.25390625 0.07679738562091504 0.078125
0 0.2687908496732026 0.35546875 0.04411764705882353 0.07421875
0 0.2704248366013072 0.6767578125 0.057189542483660136 0.064453125
0 0.33415032679738566 0.6201171875 0.07352941176470588 0.072265625
0 0.38643790849673204 0.6640625 0.05065359477124183 0.09375
0 0.4297385620915033 0.654296875 0.0784313725490196 0.08984375
0 0.7279411764705882 0.46875 0.08986928104575163 0.12109375
0 0.6928104575163399 0.6337890625 0.08169934640522876 0.107421875
0 0.7393790849673203 0.5791015625 0.05392156862745098 0.072265625
0 0.7777777777777778 0.6552734375 0.09150326797385622 0.123046875
0 0.9632352941176471 0.65625 0.07352941176470588 0.125
