0 0.3562091503267974 0.2099609375 0.058823529411764705 0.099609375
0 0.31699346405228757 0.25390625 0.06862745098039216 0.109375
0 0.07434640522875817 0.3515625 0.08333333333333334 0.109375
0 0.04084967320261438 0.400390625 0.0784313725490196 0.10546875
0 0.08986928104575163 0.5322265625 0.07189542483660132 0.060546875
0 0.10457516339869281 0.5927734375 0.07189542483660132 0.083984375
0 0.17483660130718956 0.583984375 0.06535947712418301 0.1015625
0 0.2042483660130719 0.5458984375 0.08496732026143791 0.111328125
0 0.42728758169934644 0.32421875 0.06699346405228758 0.09765625
0 0.940359477124183 0.958984375 0.08660130718954248 0.08203125
