0 0.1388888888888889 0.4677734375 0.09477124183006536 0.138671875
0 0.1895424836601307 0.5615234375 0.10784313725490197 0.142578125
0 0.10294117647058824 0.58203125 0.08169934640522876 0.13671875
0 0.040032679738562095 0.591796875 0.07679738562091504 0.14453125
0 0.3553921568627451 0.611328125 0.07352941176470588 0.12890625
0 0.3374183006535948 0.7099609375 0.08660130718954248 0.111328125
0 0.29411764705882354 0.7314453125 0.08169934640522876 0.123046875
0 0.5106209150326797 0.484375 0.10947712418300654 0.13671875
0 0.4714052287581699 0.7119140625 0.08660130718954248 0.123046875
0 0.5122549019607844 0.771484375 0.08333333333333334 0.12109375
0 0.9183006535947713 0.40234375 0.06209150326797386 0.0859375
0 0.6821895424836601 0.677734375 0.07679738562091504 0.1015625
0 0.7834967320261438 0.66796875 0.06699346405228758 0.08203125
0 0.7736928104575164 0.767578125 0.07026143790849673 0.08984375
0 0.4395424836601307 0.43359375 0.08169934640522876 0.10546875
