0 0.428921568627451 0.2490234375 0.04411764705882353 0.076171875
0 0.15441176470588236 0.4228515625 0.06699346405228758 0.087890625
0 0.1053921568627451 0.4169921875 0.057189542483660136 0.072265625
0 0.10620915032679738 0.4892578125 0.06535947712418301 0.076171875
0 0.2107843137254902 0.7841796875 0.0784313725490196 0.103515625
0 0.24754901960784315 0.7734375 0.06372549019607843 0.078125
0 0.25 0.705078125 0.049019607843137254 0.0703125
0 0.30800653594771243 0.7880859375 0.06699346405228758 0.119140625
0 0.3651960784313726 0.767578125 0.06699346405228758 0.10546875
0 0.4207516339869281 0.6142578125 0.06699346405228758 0.099609375
0 0.4877450980392157 0.55859375 0.07352941176470588 0.09765625
0 0.47385620915032683 0.6484375 0.07516339869281045 0.09375
0 0.5171568627450981 0.720703125 0.07679738562091504 0.09765625
