0 0.07761437908496732 0.5732421875 0.09640522875816994 0.111328125
0 0.04084967320261438 0.6162109375 0.049019607843137254 0.060546875
0 0.03758169934640523 0.716796875 0.07189542483660132 0.08984375
0 0.1388888888888889 0.791015625 0.08823529411764706 0.08984375
0 0.2679738562091503 0.794921875 0.07189542483660132 0.06640625
0 0.26552287581699346 0.8408203125 0.08006535947712419 0.080078125
0 0.5236928104575164 0.3115234375 0.05065359477124183 0.068359375
0 0.5751633986928105 0.40234375 0.06209150326797386 0.08203125
0 0.5547385620915033 0.5546875 0.057189542483660136 0.0703125
0 0.6372549019607844 0.6982421875 0.07516339869281045 0.087890625
0 0.7859477124183006 0.595703125 0.0784313725490196 0.1171875
0 0.823529411764706 0.7490234375 0.07516339869281045 0.080078125
0 0.9354575163398693 0.8408203125 0.05392156862745098 0.068359375
