0 0.238562091503268 0.228515625 0.08496732026143791 0.09765625
0 0.3880718954248366 0.4609375 0.09967320261437909 0.109375
0 0.37990196078431376 0.537109375 0.09967320261437909 0.109375
0 0.4869281045751634 0.6943359375 0.058823529411764705 0.083984375
0 0.5547385620915033 0.2822265625 0.05392156862745098 0.076171875
0 0.5040849673202614 0.423828125 0.06699346405228758 0.08203125
0 0.5522875816993464 0.439453125 0.049019607843137254 0.07421875
0 0.6062091503267975 0.2802734375 0.06862745098039216 0.087890625
0 0.6535947712418301 0.2802734375 0.05555555555555556 0.087890625
0 0.7116013071895425 0.5693359375 0.07679738562091504 0.103515625
