0 0.26143790849673204 0.552734375 0.058823529411764705 0.08203125
0 0.2957516339869281 0.6015625 0.08496732026143791 0.1171875
0 0.29983660130718953 0.8125 0.05392156862745098 0.07421875
0 0.34068627450980393 0.5771484375 0.04411764705882353 0.076171875
0 0.41911764705882354 0.7919921875 0.05065359477124183 0.060546875
0 0.6952614379084967 0.810546875 0.10294117647058824 0.12109375
0 0.6895424836601307 0.9228515625 0.08496732026143791 0.119140625
0 0.7287581699346406 0.8564453125 0.07189542483660132 0.080078125
0 0.7508169934640523 0.9443359375 0.06045751633986928 0.103515625
0 0.8962418300653595 0.388671875 0.057189542483660136 0.09375
0 0.9460784313725491 0.7080078125 0.06535947712418301 0.091796875
