0 0.35294117647058826 0.1142578125 0.08169934640522876 0.087890625
0 0.1911764705882353 0.3623046875 0.07189542483660132 0.087890625
0 0.1388888888888889 0.7626953125 0.08169934640522876 0.080078125
0 0.32189542483660133 0.60546875 0.06535947712418301 0.06640625
0 0.4158496732026144 0.697265625 0.08333333333333334 0.125
0 0.49754901960784315 0.7275390625 0.10294117647058824 0.123046875
0 0.4795751633986928 0.8935546875 0.09313725490196079 0.134765625
0 0.6184640522875817 0.806640625 0.09640522875816994 0.12890625
0 0.5473856209150327 0.92578125 0.08823529411764706 0.1015625
0 0.5800653594771242 0.8994140625 0.06862745098039216 0.087890625
0 0.6241830065359477 0.947265625 0.10784313725490197 0.10546875
0 0.684640522875817 0.8603515625 0.08823529411764706 0.123046875
0 0.7990196078431373 0.8525390625 0.08169934640522876 0.103515625
