0 0.16911764705882354 0.4208984375 0.07352941176470588 0.091796875
0 0.3472222222222222 0.2666015625 0.09313725490196079 0.123046875
0 0.4297385620915033 0.2861328125 0.09150326797385622 0.134765625
0 0.41748366013071897 0.390625 0.08660130718954248 0.125
0 0.3880718954248366 0.482421875 0.06045751633986928 0.09765625
0 0.27532679738562094 0.658203125 0.08333333333333334 0.09765625
0 0.35375816993464054 0.607421875 0.08660130718954248 0.125
0 0.42320261437908496 0.61328125 0.06862745098039216 0.1015625
0 0.5073529411764706 0.208984375 0.09313725490196079 0.12890625
0 0.6658496732026143 0.1552734375 0.057189542483660136 0.091796875
0 0.7189542483660131 0.1123046875 0.058823529411764705 0.076171875
0 0.744281045751634 0.64453125 0.07026143790849673 0.1171875
0 0.9068627450980392 0.7099609375 0.07516339869281045 0.119140625
0 0.8349673202614379 0.7197265625 0.08496732026143791 0.111328125
0 0.7516339869281046 0.8056640625 0.0784313725490196 0.107421875
0 0.7843137254901961 0.8798828125 0.08169934640522876 0.111328125
0 0.47385620915032683 0.9775390625 0.07189542483660132 0.044921875
