0 0.7058823529411765 0.0703125 0.11437908496732027 0.12890625
0 0.6290849673202614 0.0830078125 0.09150326797385622 0.142578125
0 0.6633986928104575 0.28515625 0.10130718954248366 0.1484375
0 0.33415032679738566 0.279296875 0.08986928104575163 0.08984375
0 0.3464052287581699 0.3583984375 0.10130718954248366 0.142578125
0 0.37990196078431376 0.3994140625 0.08006535947712419 0.123046875
0 0.2973856209150327 0.384765625 0.05555555555555556 0.09765625
0 0.20751633986928106 0.3720703125 0.09477124183006536 0.134765625
0 0.13480392156862744 0.42578125 0.09967320261437909 0.13671875
0 0.19771241830065361 0.494140625 0.10784313725490197 0.11328125
0 0.3014705882352941 0.603515625 0.10620915032679738 0.14453125
0 0.27532679738562094 0.6650390625 0.09967320261437909 0.111328125
0 0.2173202614379085 0.849609375 0.09150326797385622 0.1328125
0 0.15114379084967322 0.5849609375 0.10620915032679738 0.150390625
0 0.10049019607843138 0.6513671875 0.08006535947712419 0.130859375
0 0.035130718954248366 0.72265625 0.06372549019607843 0.125
