0 0.12173202614379085 0.166015625 0.07679738562091504 0.11328125
0 0.14460784313725492 0.2490234375 0.07352941176470588 0.107421875
0 0.06127450980392157 0.52734375 0.06045751633986928 0.078125
0 0.03676470588235294 0.580078125 0.07026143790849673 0.1171875
0 0.1968954248366013 0.794921875 0.06699346405228758 0.09375
0 0.3088235294117647 0.8544921875 0.07189542483660132 0.111328125
0 0.33986928104575165 0.7880859375 0.05555555555555556 0.091796875
0 0.32026143790849676 0.642578125 0.09150326797385622 0.1171875
0 0.43790849673202614 0.8310546875 0.05228758169934641 0.083984375
0 0.4820261437908497 0.7861328125 0.05555555555555556 0.087890625
0 0.6053921568627452 0.958984375 0.06372549019607843 0.08203125
0 0.49101307189542487 0.4716796875 0.06372549019607843 0.091796875
0 0.38153594771241833 0.37109375 0.07026143790849673 0.09765625
0 0.5236928104575164 0.41015625 0.07679738562091504 0.08984375
0 0.5702614379084967 0.5859375 0.08169934640522876 0.10546875
0 0.5849673202614379 0.0419921875 0.058823529411764705 0.068359375
0 0.7352941176470589 0.248046875 0.07189542483660132 0.10546875
0 0.7614379084967321 0.265625 0.042483660130718956 0.0546875
0 0.8488562091503268 0.3271484375 0.07026143790849673 0.103515625
0 0.7777777777777778 0.5224609375 0.06209150326797386 0.099609375
0 0.8022875816993464 0.6015625 0.07516339869281045 0.10546875
0 0.7834967320261438 0.6455078125 0.06372549019607843 0.091796875
0 0.9624183006535948 0.890625 0.0392156862745098 0.06640625
