0 0.03431372549019608 0.7646484375 0.06535947712418301 0.091796875
0 0.2965686274509804 0.357421875 0.06372549019607843 0.078125
0 0.33251633986928103 0.375 0.04738562091503268 0.07421875
0 0.31699346405228757 0.888671875 0.049019607843137254 0.06640625
0 0.2622549019607843 0.94140625 0.057189542483660136 0.07421875
0 0.6503267973856209 0.822265625 0.06862745098039216 0.08203125
0 0.6821895424836601 0.904296875 0.07679738562091504 0.109375
0 0.7843137254901961 0.876953125 0.08169934640522876 0.1015625
0 0.3545751633986928 0.65625 0.05228758169934641 0.0703125
0 0.4035947712418301 0.5712890625 0.04575163398692811 0.060546875
0 0.47385620915032683 0.57421875 0.05228758169934641 0.0546875
0 0.4722222222222222 0.5263671875 0.05228758169934641 0.064453125
0 0.4624183006535948 0.4833984375 0.04575163398692811 0.056640625
0 0.4076797385620915 0.1162109375 0.05392156862745098 0.056640625
0 0.4256535947712418 0.17578125 0.05392156862745098 0.07421875
0 0.5490196078431373 0.02734375 0.07189542483660132 0.05078125
0 0.5179738562091504 0.42578125 0.06209150326797386 0.08203125
0 0.5514705882352942 0.388671875 0.05392156862745098 0.0625
0 0.5800653594771242 0.4052734375 0.049019607843137254 0.076171875
