0 0.16993464052287582 0.4130859375 0.09803921568627451 0.134765625
0 0.4893790849673203 0.177734375 0.08333333333333334 0.1328125
0 0.2508169934640523 0.662109375 0.09967320261437909 0.1328125
0 0.3643790849673203 0.67578125 0.08823529411764706 0.1328125
0 0.571078431372549 0.7333984375 0.08986928104575163 0.134765625
0 0.37663398692810457 0.908203125 0.05065359477124183 0.0625
0 0.5931372549019608 0.453125 0.06535947712418301 0.08203125
0 0.5808823529411765 0.5087890625 0.08333333333333334 0.115234375
0 0.6781045751633987 0.5556640625 0.06862745098039216 0.103515625
0 0.732843137254902 0.5947265625 0.07026143790849673 0.107421875
0 0.8643790849673203 0.3486328125 0.05228758169934641 0.091796875
0 0.9166666666666667 0.458984375 0.06209150326797386 0.09375
