0 0.3006535947712418 0.064453125 0.05555555555555556 0.08203125
0 0.3366013071895425 0.12890625 0.06535947712418301 0.06640625
0 0.37745098039215685 0.150390625 0.06862745098039216 0.07421875
0 0.8668300653594772 0.0673828125 0.057189542483660136 0.076171875
0 0.6045751633986929 0.1943359375 0.058823529411764705 0.080078125
0 0.6446078431372549 0.2099609375 0.05392156862745098 0.076171875
0 0.4411764705882353 0.4423828125 0.06535947712418301 0.064453125
0 0.3178104575163399 0.48828125 0.05392156862745098 0.06640625
0 0.36683006535947715 0.4892578125 0.07352941176470588 0.076171875
0 0.2818627450980392 0.6962890625 0.06372549019607843 0.080078125
0 0.25 0.7294921875 0.0784313725490196 0.083984375
0 0.34558823529411764 0.666015625 0.06045751633986928 0.06640625
0 0.3758169934640523 0.7060546875 0.06535947712418301 0.076171875
0 0.34068627450980393 0.7509765625 0.06045751633986928 0.087890625
0 0.5106209150326797 0.7041015625 0.06699346405228758 0.072265625
0 0.45669934640522875 0.7919921875 0.07026143790849673 0.087890625
0 0.4746732026143791 0.5 0.057189542483660136 0.08203125
0 0.6756535947712419 0.478515625 0.06372549019607843 0.08984375
0 0.6127450980392157 0.5419921875 0.0784313725490196 0.076171875
0 0.5571895424836601 0.5751953125 0.05228758169934641 0.060546875
0 0.5563725490196079 0.623046875 0.06372549019607843 0.08203125
0 0.6029411764705882 0.59375 0.06209150326797386 0.06640625
0 0.5939542483660131 0.6337890625 0.06699346405228758 0.068359375
0 0.6339869281045751 0.6826171875 0.07516339869281045 0.091796875
0 0.6642156862745098 0.759765625 0.07679738562091504 0.08984375
0 0.9632352941176471 0.5859375 0.07352941176470588 0.109375
0 0.08741830065359478 0.2587890625 0.06372549019607843 0.072265625
0 0.1707516339869281 0.26953125 0.06699346405228758 0.078125
