0 0.14950980392156862 0.06640625 0.05065359477124183 0.0625
0 0.2622549019607843 0.123046875 0.04738562091503268 0.06640625
0 0.23284313725490197 0.13671875 0.057189542483660136 0.06640625
0 0.238562091503268 0.193359375 0.06209150326797386 0.0703125
0 0.24918300653594772 0.4580078125 0.06372549019607843 0.080078125
0 0.3137254901960784 0.4443359375 0.04575163398692811 0.056640625
0 0.5947712418300654 0.337890625 0.049019607843137254 0.0859375
0 0.4534313725490196 0.8447265625 0.06372549019607843 0.095703125
0 0.14624183006535948 0.9091796875 0.09313725490196079 0.123046875
0 0.7450980392156863 0.923828125 0.06209150326797386 0.09375
0 0.8758169934640523 0.6591796875 0.06535947712418301 0.099609375
