0 0.049836601307189546 0.119140625 0.06699346405228758 0.078125
0 0.10784313725490197 0.142578125 0.05555555555555556 0.0859375
0 0.06781045751633988 0.1767578125 0.06699346405228758 0.087890625
0 0.09313725490196079 0.2666015625 0.06862745098039216 0.076171875
0 0.3055555555555556 0.2060546875 0.07189542483660132 0.095703125
0 0.3496732026143791 0.25390625 0.07516339869281045 0.09765625
0 0.2679738562091503 0.333984375 0.05555555555555556 0.06640625
0 0.30637254901960786 0.3017578125 0.06045751633986928 0.052734375
0 0.411764705882353 0.2861328125 0.0392156862745098 0.083984375
0 0.5073529411764706 0.078125 0.05392156862745098 0.078125
0 0.031862745098039214 0.564453125 0.06045751633986928 0.12109375
0 0.07189542483660132 0.716796875 0.08169934640522876 0.11328125
0 0.3104575163398693 0.9755859375 0.0784313725490196 0.048828125
0 0.428921568627451 0.9267578125 0.05065359477124183 0.064453125
0 0.3619281045751634 0.5673828125 0.06045751633986928 0.080078125
0 0.3978758169934641 0.5732421875 0.05065359477124183 0.080078125
0 0.4362745098039216 0.572265625 0.05228758169934641 0.08203125
0 0.4893790849673203 0.541015625 0.057189542483660136 0.06640625
0 0.5620915032679739 0.5693359375 0.06862745098039216 0.103515625
0 0.5629084967320261 0.4736328125 0.08006535947712419 0.103515625
0 0.6625816993464052 0.4755859375 0.06045751633986928 0.072265625
0 0.821078431372549 0.5830078125 0.06372549019607843 0.080078125
0 0.704248366013072 0.8193359375 0.06862745098039216 0.087890625
0 0.7254901960784313 0.7626953125 0.049019607843137254 0.068359375
0 0.755718954248366 0.8134765625 0.06045751633986928 0.080078125
0 0.6887254901960784 0.890625 0.06372549019607843 0.08984375
0 0.375 0.458984375 0.06372549019607843 0.1015625
0 0.8406862745098039 0.8212890625 0.06045751633986928 0.083984375
0 0.8758169934640523 0.8642578125 0.058823529411764705 0.080078125
0 0.9142156862745099 0.826171875 0.057189542483660136 0.0703125
0 0.954248366013072 0.734375 0.06862745098039216 0.09765625
0 0.948529411764706 0.6455078125 0.06699346405228758 0.091796875
0 0.9730392156862745 0.5947265625 0.05392156862745098 0.103515625
0 0.9526143790849674 0.349609375 0.05555555555555556 0.078125
