0 0.244281045751634 0.3642578125 0.07026143790849673 0.095703125
0 0.24918300653594772 0.533203125 0.08006535947712419 0.09375
0 0.2826797385620915 0.8544921875 0.07516339869281045 0.119140625
0 0.19526143790849673 0.9677734375 0.057189542483660136 0.064453125
0 0.5343137254901961 0.83984375 0.07189542483660132 0.11328125
0 0.3978758169934641 0.759765625 0.04738562091503268 0.05859375
0 0.7450980392156863 0.939453125 0.0784313725490196 0.1015625
0 0.5457516339869282 0.5537109375 0.08169934640522876 0.103515625
0 0.5212418300653595 0.40625 0.06535947712418301 0.0859375
0 0.6748366013071896 0.408203125 0.07189542483660132 0.1015625
0 0.6658496732026143 0.48828125 0.07352941176470588 0.09375
