0 0.02696078431372549 0.87890625 0.05065359477124183 0.078125
0 0.5686274509803921 0.537109375 0.0784313725490196 0.11328125
0 0.5833333333333334 0.3759765625 0.08496732026143791 0.103515625
0 0.1576797385620915 0.322265625 0.08986928104575163 0.125
0 0.06372549019607843 0.4423828125 0.08823529411764706 0.095703125
0 0.24918300653594772 0.283203125 0.11274509803921569 0.15625
0 0.2761437908496732 0.2060546875 0.12091503267973856 0.142578125
0 0.4681372549019608 0.2109375 0.08986928104575163 0.1171875
0 0.7745098039215687 0.3076171875 0.05228758169934641 0.072265625
0 0.8161764705882353 0.31640625 0.05065359477124183 0.0703125
0 0.8586601307189543 0.2353515625 0.08006535947712419 0.099609375
0 0.8488562091503268 0.3876953125 0.06045751633986928 0.087890625
0 0.8897058823529412 0.3291015625 0.07026143790849673 0.091796875
0 0.9681372549019608 0.1201171875 0.06372549019607843 0.126953125
0 0.9493464052287582 0.0478515625 0.08823529411764706 0.091796875
