0 0.42483660130718953 0.0712890625 0.0784313725490196 0.083984375
0 0.3031045751633987 0.33984375 0.06372549019607843 0.0625
0 0.13480392156862744 0.6318359375 0.08986928104575163 0.103515625
0 0.7647058823529412 0.5107421875 0.10130718954248366 0.115234375
0 0.10212418300653595 0.41796875 0.09313725490196079 0.125
0 0.1315359477124183 0.3955078125 0.06699346405228758 0.080078125
0 0.12826797385620917 0.294921875 0.09640522875816994 0.125
0 0.07189542483660132 0.2353515625 0.09477124183006536 0.119140625
0 0.13398692810457516 0.1748046875 0.10130718954248366 0.103515625
0 0.09967320261437909 0.0810546875 0.0784313725490196 0.091796875
