0 0.2042483660130719 0.3330078125 0.08823529411764706 0.099609375
0 0.18382352941176472 0.5927734375 0.05392156862745098 0.080078125
0 0.14133986928104575 0.654296875 0.06045751633986928 0.08203125
0 0.1315359477124183 0.69921875 0.06045751633986928 0.0703125
0 0.22794117647058823 0.689453125 0.04411764705882353 0.08203125
0 0.2679738562091503 0.689453125 0.058823529411764705 0.09375
0 0.5106209150326797 0.5869140625 0.06372549019607843 0.083984375
0 0.875 0.470703125 0.09640522875816994 0.125
0 0.7728758169934641 0.173828125 0.09150326797385622 0.10546875
0 0.7320261437908497 0.1162109375 0.08496732026143791 0.107421875
0 0.738562091503268 0.0390625 0.06535947712418301 0.07421875
0 0.7990196078431373 0.0791015625 0.09150326797385622 0.115234375
0 0.9125816993464052 0.068359375 0.08006535947712419 0.1015625
