0 0.4027777777777778 0.0791015625 0.07352941176470588 0.087890625
0 0.3137254901960784 0.2021484375 0.0784313725490196 0.083984375
0 0.31209150326797386 0.4150390625 0.08496732026143791 0.091796875
0 0.05228758169934641 0.5458984375 0.07516339869281045 0.091796875
0 0.08415032679738563 0.6337890625 0.07679738562091504 0.087890625
0 0.36356209150326796 0.6845703125 0.08006535947712419 0.091796875
0 0.5253267973856209 0.6689453125 0.08006535947712419 0.099609375
0 0.5473856209150327 0.2587890625 0.06209150326797386 0.076171875
0 0.5727124183006536 0.310546875 0.06045751633986928 0.08203125
0 0.7124183006535948 0.7841796875 0.06209150326797386 0.080078125
0 0.7377450980392157 0.1513671875 0.08333333333333334 0.099609375
0 0.8088235294117647 0.1376953125 0.06535947712418301 0.083984375
0 0.815359477124183 0.0810546875 0.058823529411764705 0.068359375
0 0.8545751633986929 0.1123046875 0.058823529411764705 0.076171875
0 0.8513071895424836 0.185546875 0.07516339869281045 0.09765625
0 0.9575163398692811 0.1123046875 0.06535947712418301 0.099609375
0 0.9534313725490197 0.6435546875 0.08006535947712419 0.111328125
