0 0.22222222222222224 0.103515625 0.05228758169934641 0.08203125
0 0.024509803921568627 0.109375 0.04575163398692811 0.08203125
0 0.3031045751633987 0.09375 0.06699346405228758 0.09375
0 0.024509803921568627 0.2822265625 0.042483660130718956 0.068359375
0 0.38071895424836605 0.4033203125 0.058823529411764705 0.099609375
0 0.43300653594771243 0.423828125 0.06535947712418301 0.08984375
0 0.5147058823529412 0.3896484375 0.07189542483660132 0.115234375
0 0.5473856209150327 0.4931640625 0.05228758169934641 0.068359375
0 0.5130718954248367 0.1640625 0.049019607843137254 0.0703125
0 0.8799019607843137 0.23828125 0.07026143790849673 0.09375
0 0.9444444444444444 0.3642578125 0.042483660130718956 0.068359375
0 0.883169934640523 0.5302734375 0.05065359477124183 0.068359375
