0 0.03676470588235294 0.501953125 0.07026143790849673 0.1171875
0 0.05473856209150327 0.376953125 0.08660130718954248 0.11328125
0 0.2107843137254902 0.150390625 0.08823529411764706 0.12109375
0 0.24673202614379086 0.412109375 0.10130718954248366 0.12890625
0 0.30637254901960786 0.4443359375 0.08006535947712419 0.123046875
0 0.32679738562091504 0.30859375 0.09803921568627451 0.125
0 0.428921568627451 0.2919921875 0.08006535947712419 0.130859375
0 0.625 0.7734375 0.10947712418300654 0.140625
0 0.704248366013072 0.5595703125 0.08496732026143791 0.107421875
0 0.6560457516339869 0.462890625 0.06699346405228758 0.09375
0 0.948529411764706 0.126953125 0.06699346405228758 0.09765625
0 0.9117647058823529 0.771484375 0.05555555555555556 0.078125
0 0.923202614379085 0.8369140625 0.058823529411764705 0.068359375
0 0.9714052287581699 0.6396484375 0.05065359477124183 0.064453125
0 0.11764705882352941 0.390625 0.058823529411764705 0.078125
