0 0.23447712418300654 0.16015625 0.08660130718954248 0.1171875
0 0.2973856209150327 0.240234375 0.08823529411764706 0.08984375
0 0.24019607843137256 0.29296875 0.08496732026143791 0.1171875
0 0.4534313725490196 0.255859375 0.06699346405228758 0.10546875
0 0.4035947712418301 0.3212890625 0.06862745098039216 0.115234375
0 0.5718954248366013 0.2890625 0.09803921568627451 0.12109375
0 0.47385620915032683 0.3505859375 0.08496732026143791 0.107421875
0 0.505718954248366 0.39453125 0.11274509803921569 0.140625
0 0.7483660130718954 0.62890625 0.09803921568627451 0.12109375
0 0.7426470588235294 0.322265625 0.07679738562091504 0.09765625
0 0.8880718954248367 0.3984375 0.11274509803921569 0.1484375
