0 0.12254901960784315 0.8056640625 0.049019607843137254 0.052734375
0 0.14215686274509803 0.833984375 0.05555555555555556 0.0703125
0 0.2818627450980392 0.818359375 0.05065359477124183 0.078125
0 0.16013071895424838 0.7373046875 0.05555555555555556 0.080078125
0 0.2099673202614379 0.7412109375 0.04411764705882353 0.076171875
0 0.4869281045751634 0.541015625 0.05555555555555556 0.06640625
0 0.5580065359477124 0.359375 0.06372549019607843 0.06640625
0 0.6593137254901961 0.0615234375 0.07352941176470588 0.095703125
0 0.696078431372549 0.333984375 0.08169934640522876 0.09765625
0 0.6977124183006537 0.7216796875 0.06535947712418301 0.080078125
0 0.8480392156862745 0.6259765625 0.06535947712418301 0.072265625
0 0.8357843137254902 0.6748046875 0.08333333333333334 0.095703125
0 0.8202614379084967 0.841796875 0.058823529411764705 0.0703125
