0 0.3104575163398693 0.1337890625 0.05228758169934641 0.087890625
0 0.5285947712418301 0.2919921875 0.06699346405228758 0.103515625
0 0.9191176470588236 0.447265625 0.07352941176470588 0.09765625
0 0.9705882352941176 0.517578125 0.049019607843137254 0.07421875
0 0.7450980392156863 0.5283203125 0.08169934640522876 0.083984375
0 0.4722222222222222 0.5439453125 0.07516339869281045 0.107421875
0 0.5187908496732027 0.572265625 0.08986928104575163 0.125
0 0.46568627450980393 0.650390625 0.09477124183006536 0.1171875
0 0.4076797385620915 0.78125 0.07352941176470588 0.08984375
0 0.5612745098039216 0.634765625 0.07026143790849673 0.09375
0 0.6862745098039216 0.6455078125 0.06209150326797386 0.091796875
0 0.7369281045751634 0.6728515625 0.06209150326797386 0.087890625
0 0.7279411764705882 0.6181640625 0.04738562091503268 0.064453125
