0 0.3504901960784314 0.02734375 0.10947712418300654 0.05078125
0 0.3047385620915033 0.12109375 0.10620915032679738 0.13671875
0 0.19934640522875818 0.111328125 0.11437908496732027 0.1171875
0 0.20098039215686275 0.2177734375 0.12745098039215685 0.134765625
0 0.638888888888889 0.0205078125 0.0784313725490196 0.037109375
0 0.6315359477124183 0.1396484375 0.07352941176470588 0.099609375
0 0.5686274509803921 0.171875 0.09477124183006536 0.09765625
0 0.5081699346405228 0.2109375 0.06535947712418301 0.09375
0 0.565359477124183 0.2734375 0.10457516339869281 0.1171875
0 0.732843137254902 0.3134765625 0.09313725490196079 0.111328125
