0 0.19934640522875818 0.1865234375 0.0784313725490196 0.099609375
0 0.27369281045751637 0.5419921875 0.07352941176470588 0.099609375
0 0.428921568627451 0.37890625 0.08660130718954248 0.09375
0 0.45098039215686275 0.435546875 0.08496732026143791 0.07421875
0 0.6625816993464052 0.2783203125 0.08986928104575163 0.119140625
0 0.05555555555555556 0.8671875 0.10784313725490197 0.125
0 0.16584967320261437 0.8427734375 0.11274509803921569 0.107421875
0 0.22140522875816995 0.8876953125 0.09967320261437909 0.107421875
0 0.3513071895424837 0.8828125 0.06535947712418301 0.1015625
0 0.3014705882352941 0.908203125 0.06699346405228758 0.0703125
0 0.4068627450980392 0.908203125 0.10457516339869281 0.11328125
0 0.7361111111111112 0.6865234375 0.08660130718954248 0.123046875
0 0.7965686274509804 0.7607421875 0.06699346405228758 0.099609375
0 0.7892156862745098 0.630859375 0.11111111111111112 0.125
0 0.7745098039215687 0.5224609375 0.13398692810457516 0.115234375
0 0.8276143790849674 0.4580078125 0.09640522875816994 0.138671875
