0 0.352124183006536 0.0966796875 0.08986928104575163 0.123046875
0 0.4068627450980392 0.1611328125 0.09477124183006536 0.138671875
0 0.32189542483660133 0.3203125 0.09477124183006536 0.12890625
0 0.3684640522875817 0.421875 0.07679738562091504 0.1328125
0 0.5400326797385621 0.0390625 0.07352941176470588 0.07421875
0 0.5915032679738562 0.0478515625 0.06535947712418301 0.083984375
0 0.6470588235294118 0.212890625 0.058823529411764705 0.08984375
0 0.7712418300653595 0.158203125 0.07189542483660132 0.09765625
0 0.7393790849673203 0.23046875 0.06045751633986928 0.09765625
0 0.8978758169934641 0.26953125 0.06372549019607843 0.09765625
0 0.9256535947712419 0.31640625 0.057189542483660136 0.0859375
0 0.8602941176470589 0.396484375 0.07352941176470588 0.078125
0 0.8766339869281046 0.4345703125 0.07352941176470588 0.095703125
