0 0.026143790849673203 0.7294921875 0.049019607843137254 0.091796875
0 0.11846405228758171 0.7890625 0.057189542483660136 0.08203125
0 0.11029411764705882 0.8447265625 0.057189542483660136 0.072265625
0 0.1985294117647059 0.74609375 0.07679738562091504 0.1015625
0 0.39133986928104575 0.6083984375 0.08006535947712419 0.107421875
0 0.42728758169934644 0.642578125 0.08986928104575163 0.09375
0 0.2908496732026144 0.8818359375 0.07516339869281045 0.103515625
0 0.5383986928104575 0.91015625 0.08986928104575163 0.10546875
0 0.5874183006535948 0.923828125 0.07679738562091504 0.1015625
0 0.5988562091503268 0.86328125 0.057189542483660136 0.0625
0 0.6936274509803921 0.8681640625 0.057189542483660136 0.091796875
0 0.7794117647058824 0.4951171875 0.06535947712418301 0.099609375
