0 0.049019607843137254 0.046875 0.058823529411764705 0.08203125
0 0.09967320261437909 0.068359375 0.06862745098039216 0.10546875
0 0.1593137254901961 0.0947265625 0.07679738562091504 0.115234375
0 0.2818627450980392 0.18359375 0.06045751633986928 0.09765625
0 0.25163398692810457 0.310546875 0.08169934640522876 0.1171875
0 0.09150326797385622 0.4658203125 0.06209150326797386 0.095703125
0 0.028594771241830068 0.447265625 0.05392156862745098 0.09765625
0 0.04656862745098039 0.5419921875 0.08986928104575163 0.126953125
0 0.11437908496732027 0.533203125 0.07516339869281045 0.09765625
0 0.14215686274509803 0.482421875 0.05555555555555556 0.0859375
0 0.0923202614379085 0.837890625 0.05065359477124183 0.0703125
0 0.12418300653594772 0.8271484375 0.042483660130718956 0.064453125
0 0.26143790849673204 0.658203125 0.049019607843137254 0.07421875
0 0.29820261437908496 0.65234375 0.04738562091503268 0.07421875
0 0.3496732026143791 0.7783203125 0.058823529411764705 0.072265625
0 0.3946078431372549 0.7822265625 0.04411764705882353 0.068359375
0 0.37745098039215685 0.8447265625 0.06535947712418301 0.083984375
0 0.37990196078431376 0.912109375 0.057189542483660136 0.078125
0 0.38153594771241833 0.1953125 0.07026143790849673 0.09375
0 0.3627450980392157 0.302734375 0.0784313725490196 0.109375
0 0.4820261437908497 0.3291015625 0.08823529411764706 0.111328125
0 0.5187908496732027 0.755859375 0.06372549019607843 0.07421875
0 0.5163398692810458 0.7958984375 0.08169934640522876 0.099609375
0 0.6094771241830066 0.9609375 0.05228758169934641 0.078125
0 0.5825163398692811 0.8544921875 0.06372549019607843 0.087890625
0 0.690359477124183 0.85546875 0.08660130718954248 0.1171875
0 0.7516339869281046 0.6533203125 0.07516339869281045 0.103515625
0 0.7491830065359477 0.349609375 0.057189542483660136 0.0859375
0 0.5155228758169935 0.2568359375 0.07026143790849673 0.080078125
0 0.5147058823529412 0.17578125 0.06209150326797386 0.1015625
0 0.5604575163398693 0.21484375 0.06862745098039216 0.09765625
0 0.6576797385620915 0.203125 0.07026143790849673 0.08984375
0 0.6437908496732027 0.1259765625 0.06209150326797386 0.076171875
0 0.8455882352941176 0.0380859375 0.08006535947712419 0.064453125
