0 0.3496732026143791 0.064453125 0.06209150326797386 0.08984375
0 0.4109477124183007 0.0712890625 0.08986928104575163 0.103515625
0 0.6176470588235294 0.1943359375 0.07189542483660132 0.083984375
0 0.14705882352941177 0.84375 0.07189542483660132 0.0859375
0 0.3627450980392157 0.755859375 0.09477124183006536 0.10546875
0 0.9109477124183006 0.763671875 0.07026143790849673 0.109375
0 0.9673202614379085 0.7822265625 0.06535947712418301 0.083984375
0 0.8741830065359477 0.9619140625 0.08496732026143791 0.076171875
0 0.6781045751633987 0.451171875 0.06535947712418301 0.0703125
0 0.815359477124183 0.1025390625 0.07516339869281045 0.091796875
0 0.2173202614379085 0.2919921875 0.058823529411764705 0.072265625
0 0.08986928104575163 0.6376953125 0.049019607843137254 0.056640625
