0 0.513888888888889 0.45703125 0.07026143790849673 0.09375
0 0.565359477124183 0.521484375 0.06209150326797386 0.078125
0 0.49264705882352944 0.6572265625 0.07352941176470588 0.080078125
0 0.2965686274509804 0.7353515625 0.05065359477124183 0.052734375
0 0.2769607843137255 0.7646484375 0.05392156862745098 0.044921875
0 0.23692810457516342 0.91796875 0.06862745098039216 0.0859375
0 0.2712418300653595 0.9326171875 0.05555555555555556 0.072265625
0 0.3104575163398693 0.900390625 0.06209150326797386 0.0859375
0 0.35375816993464054 0.9130859375 0.05392156862745098 0.087890625
0 0.7140522875816994 0.9189453125 0.04575163398692811 0.083984375
0 0.7426470588235294 0.9453125 0.07026143790849673 0.08984375
0 0.7630718954248367 0.90234375 0.058823529411764705 0.09375
0 0.8562091503267975 0.8623046875 0.06862745098039216 0.080078125
