0 0.2769607843137255 0.4091796875 0.12581699346405228 0.181640625
0 0.17973856209150327 0.498046875 0.11764705882352941 0.1875
0 0.23529411764705882 0.626953125 0.12091503267973856 0.1796875
0 0.2434640522875817 0.80859375 0.11764705882352941 0.15234375
0 0.1968954248366013 0.8720703125 0.09967320261437909 0.150390625
0 0.13562091503267976 0.931640625 0.10130718954248366 0.13671875
0 0.4901960784313726 0.7294921875 0.09150326797385622 0.119140625
0 0.4746732026143791 0.8701171875 0.08660130718954248 0.123046875
0 0.5906862745098039 0.8427734375 0.09313725490196079 0.111328125
0 0.5620915032679739 0.3662109375 0.10784313725490197 0.162109375
0 0.6560457516339869 0.376953125 0.13562091503267976 0.17578125
0 0.8504901960784313 0.8935546875 0.09313725490196079 0.126953125
0 0.9003267973856209 0.5595703125 0.08823529411764706 0.095703125
0 0.9681372549019608 0.5693359375 0.06372549019607843 0.138671875
0 0.977124183006536 0.1513671875 0.04575163398692811 0.091796875
