0 0.10620915032679738 0.46875 0.09150326797385622 0.11328125
0 0.09477124183006536 0.5830078125 0.09150326797385622 0.126953125
0 0.12745098039215685 0.634765625 0.06535947712418301 0.11328125
0 0.2361111111111111 0.65625 0.08986928104575163 0.1171875
0 0.33415032679738566 0.93359375 0.07679738562091504 0.1015625
0 0.4256535947712418 0.9189453125 0.07026143790849673 0.103515625
0 0.43137254901960786 0.619140625 0.0784313725490196 0.08203125
0 0.4444444444444445 0.6787109375 0.09803921568627451 0.130859375
0 0.4893790849673203 0.6044921875 0.06699346405228758 0.095703125
0 0.7777777777777778 0.353515625 0.07189542483660132 0.08984375
0 0.7426470588235294 0.0947265625 0.07679738562091504 0.095703125
0 0.7369281045751634 0.03515625 0.07516339869281045 0.05859375
0 0.8161764705882353 0.0615234375 0.08333333333333334 0.115234375
