0 0.5661764705882353 0.0732421875 0.07026143790849673 0.115234375
0 0.25245098039215685 0.0859375 0.06045751633986928 0.08984375
0 0.01388888888888889 0.1025390625 0.024509803921568627 0.083984375
0 0.03758169934640523 0.5068359375 0.049019607843137254 0.080078125
0 0.13480392156862744 0.533203125 0.07026143790849673 0.109375
0 0.11683006535947713 0.716796875 0.08006535947712419 0.109375
0 0.23692810457516342 0.802734375 0.06209150326797386 0.08203125
0 0.2246732026143791 0.5458984375 0.05065359477124183 0.083984375
0 0.33415032679738566 0.95703125 0.04411764705882353 0.0625
0 0.3700980392156863 0.9609375 0.05392156862745098 0.07421875
0 0.4068627450980392 0.27734375 0.06535947712418301 0.0859375
0 0.3978758169934641 0.3583984375 0.08006535947712419 0.099609375
0 0.35947712418300654 0.390625 0.08169934640522876 0.1015625
0 0.3602941176470588 0.478515625 0.08333333333333334 0.109375
0 0.5245098039215687 0.5439453125 0.07516339869281045 0.095703125
0 0.3790849673202614 0.7255859375 0.058823529411764705 0.076171875
0 0.4150326797385621 0.701171875 0.06862745098039216 0.09375
0 0.5816993464052288 0.7314453125 0.08169934640522876 0.115234375
0 0.4419934640522876 0.7705078125 0.08986928104575163 0.111328125
0 0.43709150326797386 0.859375 0.06699346405228758 0.0859375
