0 0.08496732026143791 0.505859375 0.08169934640522876 0.12109375
0 0.10620915032679738 0.7626953125 0.05555555555555556 0.080078125
0 0.2434640522875817 0.541015625 0.06209150326797386 0.09765625
0 0.28431372549019607 0.5712890625 0.07516339869281045 0.099609375
0 0.8014705882352942 0.0537109375 0.057189542483660136 0.076171875
0 0.5228758169934641 0.580078125 0.06862745098039216 0.0546875
0 0.5277777777777778 0.630859375 0.08823529411764706 0.1015625
0 0.5457516339869282 0.7099609375 0.08496732026143791 0.099609375
0 0.5089869281045751 0.81640625 0.05065359477124183 0.08203125
0 0.2712418300653595 0.9716796875 0.058823529411764705 0.056640625
0 0.7238562091503268 0.6376953125 0.06209150326797386 0.087890625
