0 0.21977124183006536 0.2109375 0.08333333333333334 0.12109375
0 0.2949346405228758 0.2041015625 0.08986928104575163 0.126953125
0 0.28839869281045755 0.333984375 0.07679738562091504 0.10546875
0 0.25980392156862747 0.419921875 0.05228758169934641 0.0859375
0 0.21650326797385622 0.447265625 0.08333333333333334 0.109375
0 0.21241830065359477 0.544921875 0.07189542483660132 0.09765625
0 0.11029411764705882 0.8740234375 0.07352941176470588 0.087890625
0 0.14869281045751634 0.8935546875 0.06209150326797386 0.087890625
0 0.05555555555555556 0.943359375 0.06209150326797386 0.078125
0 0.8504901960784313 0.0419921875 0.08986928104575163 0.080078125
0 0.9003267973856209 0.1044921875 0.05228758169934641 0.087890625
0 0.8431372549019608 0.09375 0.06862745098039216 0.08984375
0 0.6723856209150327 0.3193359375 0.07352941176470588 0.091796875
0 0.6127450980392157 0.3115234375 0.07516339869281045 0.099609375
0 0.5588235294117647 0.431640625 0.10457516339869281 0.12109375
0 0.5269607843137255 0.49609375 0.06372549019607843 0.09765625
0 0.579248366013072 0.5537109375 0.09967320261437909 0.134765625
0 0.6127450980392157 0.4375 0.058823529411764705 0.1171875
0 0.8504901960784313 0.720703125 0.08333333333333334 0.1171875
0 0.9444444444444444 0.8251953125 0.08496732026143791 0.111328125
0 0.7352941176470589 0.9296875 0.08823529411764706 0.1171875
0 0.5163398692810458 0.974609375 0.08496732026143791 0.05078125
