0 0.07924836601307189 0.5478515625 0.07026143790849673 0.080078125
0 0.09558823529411765 0.5751953125 0.07352941176470588 0.099609375
0 0.24591503267973858 0.4853515625 0.06699346405228758 0.107421875
0 0.2777777777777778 0.541015625 0.06862745098039216 0.08203125
0 0.3276143790849673 0.748046875 0.07026143790849673 0.10546875
0 0.4076797385620915 0.7529296875 0.06699346405228758 0.087890625
0 0.3831699346405229 0.8466796875 0.07026143790849673 0.095703125
0 0.4714052287581699 0.4052734375 0.05065359477124183 0.068359375
0 0.46568627450980393 0.4404296875 0.049019607843137254 0.052734375
0 0.6315359477124183 0.5478515625 0.057189542483660136 0.064453125
0 0.6348039215686274 0.646484375 0.04411764705882353 0.05859375
0 0.667483660130719 0.5966796875 0.05065359477124183 0.060546875
0 0.6854575163398693 0.6513671875 0.05065359477124183 0.068359375
0 0.7165032679738562 0.7041015625 0.04084967320261438 0.056640625
0 0.6870915032679739 0.7119140625 0.03104575163398693 0.060546875
0 0.5915032679738562 0.3671875 0.05228758169934641 0.06640625
0 0.625 0.376953125 0.05065359477124183 0.0703125
0 0.5375816993464052 0.25390625 0.05555555555555556 0.046875
0 0.5441176470588236 0.2900390625 0.04575163398692811 0.072265625
0 0.6282679738562091 0.12109375 0.04738562091503268 0.06640625
0 0.43137254901960786 0.1318359375 0.04575163398692811 0.068359375
0 0.6601307189542484 0.1328125 0.049019607843137254 0.07421875
0 0.7279411764705882 0.1328125 0.057189542483660136 0.078125
0 0.8145424836601307 0.3193359375 0.057189542483660136 0.095703125
0 0.8349673202614379 0.5263671875 0.06209150326797386 0.080078125
0 0.9305555555555556 0.421875 0.05392156862745098 0.09765625
0 0.9509803921568628 0.16796875 0.05228758169934641 0.078125
