0 0.0923202614379085 0.9326171875 0.06372549019607843 0.107421875
0 0.3978758169934641 0.9580078125 0.07679738562091504 0.083984375
0 0.238562091503268 0.3193359375 0.06862745098039216 0.095703125
0 0.11764705882352941 0.330078125 0.06862745098039216 0.09765625
0 0.16176470588235295 0.3837890625 0.0784313725490196 0.107421875
0 0.10375816993464053 0.171875 0.08006535947712419 0.12109375
0 0.1895424836601307 0.1982421875 0.07516339869281045 0.103515625
0 0.5490196078431373 0.5087890625 0.05228758169934641 0.083984375
0 0.7671568627450981 0.568359375 0.04084967320261438 0.05859375
0 0.7271241830065359 0.5546875 0.05555555555555556 0.0703125
0 0.6405228758169935 0.3447265625 0.06209150326797386 0.087890625
0 0.6568627450980392 0.2275390625 0.06862745098039216 0.087890625
0 0.6151960784313726 0.25 0.04411764705882353 0.07421875
0 0.018790849673202614 0.091796875 0.03431372549019608 0.0859375
0 0.7369281045751634 0.37890625 0.05228758169934641 0.06640625
0 0.7777777777777778 0.1845703125 0.06535947712418301 0.080078125
0 0.8349673202614379 0.1865234375 0.07189542483660132 0.083984375
0 0.8472222222222222 0.2548828125 0.06045751633986928 0.068359375
0 0.7875816993464052 0.232421875 0.06535947712418301 0.0703125
0 0.8080065359477124 0.2783203125 0.05392156862745098 0.064453125
0 0.829248366013072 0.123046875 0.057189542483660136 0.0625
