0 0.3382352941176471 0.248046875 0.09477124183006536 0.109375
0 0.27532679738562094 0.4033203125 0.08333333333333334 0.111328125
0 0.2908496732026144 0.4677734375 0.08496732026143791 0.099609375
0 0.3431372549019608 0.509765625 0.06209150326797386 0.09765625
0 0.2818627450980392 0.6962890625 0.07352941176470588 0.107421875
0 0.33415032679738566 0.7158203125 0.057189542483660136 0.083984375
0 0.3831699346405229 0.6962890625 0.08333333333333334 0.123046875
0 0.4477124183006536 0.5810546875 0.07189542483660132 0.103515625
0 0.5065359477124183 0.6533203125 0.08496732026143791 0.123046875
0 0.7475490196078431 0.515625 0.07026143790849673 0.1015625
0 0.7843137254901961 0.4130859375 0.058823529411764705 0.091796875
0 0.8455882352941176 0.4560546875 0.04738562091503268 0.064453125
0 0.5294117647058824 0.0947265625 0.058823529411764705 0.080078125
0 0.7156862745098039 0.2197265625 0.042483660130718956 0.083984375
0 0.7467320261437909 0.265625 0.05228758169934641 0.08203125
0 0.7401960784313726 0.068359375 0.05555555555555556 0.046875
0 0.7728758169934641 0.064453125 0.05228758169934641 0.0703125
0 0.8316993464052288 0.0361328125 0.05228758169934641 0.068359375
0 0.8676470588235294 0.189453125 0.04575163398692811 0.07421875
