0 0.5171568627450981 0.0263671875 0.06699346405228758 0.048828125
0 0.7581699346405228 0.0673828125 0.08823529411764706 0.099609375
0 0.8668300653594772 0.0537109375 0.07679738562091504 0.087890625
0 0.7859477124183006 0.2392578125 0.08496732026143791 0.107421875
0 0.7957516339869282 0.53515625 0.058823529411764705 0.09765625
0 0.7450980392156863 0.5107421875 0.06535947712418301 0.103515625
0 0.6593137254901961 0.5927734375 0.06045751633986928 0.107421875
0 0.696078431372549 0.654296875 0.07189542483660132 0.08203125
0 0.13562091503267976 0.57421875 0.09150326797385622 0.13671875
0 0.058823529411764705 0.5712890625 0.09803921568627451 0.138671875
0 0.3235294117647059 0.7255859375 0.09150326797385622 0.123046875
0 0.375 0.7783203125 0.07352941176470588 0.107421875
0 0.34068627450980393 0.884765625 0.08986928104575163 0.125
0 0.46405228758169936 0.921875 0.08823529411764706 0.1171875
0 0.5906862745098039 0.7958984375 0.09640522875816994 0.119140625
0 0.6356209150326798 0.87109375 0.09150326797385622 0.109375
0 0.7254901960784313 0.9560546875 0.0784313725490196 0.080078125
