0 0.10702614379084968 0.0791015625 0.08006535947712419 0.095703125
0 0.10375816993464053 0.1611328125 0.07352941176470588 0.095703125
0 0.17401960784313725 0.1689453125 0.07352941176470588 0.107421875
0 0.22957516339869283 0.1669921875 0.06699346405228758 0.107421875
0 0.06372549019607843 0.34765625 0.04575163398692811 0.07421875
0 0.16176470588235295 0.7216796875 0.08823529411764706 0.119140625
0 0.4027777777777778 0.515625 0.06699346405228758 0.11328125
0 0.352124183006536 0.740234375 0.057189542483660136 0.07421875
0 0.5008169934640523 0.861328125 0.06699346405228758 0.08984375
0 0.565359477124183 0.658203125 0.0392156862745098 0.0703125
0 0.6584967320261438 0.6142578125 0.05228758169934641 0.080078125
0 0.9558823529411765 0.3095703125 0.042483660130718956 0.056640625
0 0.9411764705882353 0.4677734375 0.049019607843137254 0.056640625
0 0.9501633986928105 0.5048828125 0.057189542483660136 0.072265625
