0 0.07107843137254902 0.4453125 0.09967320261437909 0.1328125
0 0.11111111111111112 0.671875 0.05555555555555556 0.0625
0 0.2916666666666667 0.568359375 0.09313725490196079 0.140625
0 0.3700980392156863 0.544921875 0.08660130718954248 0.12109375
0 0.4861111111111111 0.46875 0.10294117647058824 0.14453125
0 0.7606209150326798 0.2451171875 0.08333333333333334 0.111328125
0 0.45669934640522875 0.0498046875 0.05392156862745098 0.060546875
0 0.35784313725490197 0.796875 0.042483660130718956 0.06640625
0 0.39052287581699346 0.775390625 0.042483660130718956 0.06640625
0 0.5874183006535948 0.6728515625 0.06699346405228758 0.076171875
0 0.47794117647058826 0.9296875 0.04411764705882353 0.078125
0 0.5204248366013072 0.9140625 0.04411764705882353 0.0703125
0 0.7238562091503268 0.6650390625 0.10130718954248366 0.126953125
0 0.7312091503267975 0.77734375 0.11274509803921569 0.1171875
0 0.7671568627450981 0.9267578125 0.07679738562091504 0.111328125
0 0.9444444444444444 0.5126953125 0.05555555555555556 0.095703125
0 0.9223856209150327 0.546875 0.08986928104575163 0.12109375
