0 0.4950980392156863 0.1474609375 0.06535947712418301 0.056640625
0 0.4991830065359477 0.3466796875 0.07679738562091504 0.095703125
0 0.48366013071895425 0.439453125 0.07189542483660132 0.109375
0 0.5498366013071896 0.3896484375 0.08006535947712419 0.099609375
0 0.5367647058823529 0.3193359375 0.05065359477124183 0.068359375
0 0.7001633986928105 0.287109375 0.07352941176470588 0.1015625
0 0.7516339869281046 0.3095703125 0.07516339869281045 0.091796875
0 0.852124183006536 0.345703125 0.08333333333333334 0.12109375
0 0.7998366013071896 0.5 0.07679738562091504 0.0859375
0 0.7524509803921569 0.4638671875 0.10620915032679738 0.138671875
