0 0.5081699346405228 0.2783203125 0.08169934640522876 0.107421875
0 0.37336601307189543 0.390625 0.07352941176470588 0.0859375
0 0.4746732026143791 0.439453125 0.07679738562091504 0.109375
0 0.4624183006535948 0.53125 0.08169934640522876 0.1015625
0 0.6658496732026143 0.4248046875 0.04738562091503268 0.076171875
0 0.5923202614379085 0.52734375 0.06372549019607843 0.10546875
0 0.6887254901960784 0.564453125 0.07026143790849673 0.1171875
0 0.5089869281045751 0.8291015625 0.06372549019607843 0.072265625
0 0.5171568627450981 0.888671875 0.06045751633986928 0.0859375
0 0.4795751633986928 0.9462890625 0.07026143790849673 0.080078125
0 0.9550653594771242 0.931640625 0.07679738562091504 0.109375
