0 0.09803921568627451 0.2138671875 0.07189542483660132 0.111328125
0 0.1968954248366013 0.34765625 0.08006535947712419 0.11328125
0 0.1527777777777778 0.4111328125 0.06699346405228758 0.107421875
0 0.21486928104575165 0.453125 0.07352941176470588 0.09375
0 0.2107843137254902 0.5546875 0.0784313725490196 0.109375
0 0.309640522875817 0.43359375 0.05065359477124183 0.0703125
0 0.6168300653594772 0.1669921875 0.09967320261437909 0.126953125
0 0.6593137254901961 0.0791015625 0.08660130718954248 0.119140625
0 0.5784313725490197 0.0634765625 0.07189542483660132 0.103515625
0 0.5065359477124183 0.037109375 0.08496732026143791 0.0703125
0 0.852124183006536 0.30078125 0.09313725490196079 0.1328125
0 0.9599673202614379 0.14453125 0.08006535947712419 0.125
0 0.5767973856209151 0.4384765625 0.05555555555555556 0.064453125
0 0.6666666666666667 0.5810546875 0.05228758169934641 0.072265625
0 0.9803921568627452 0.5029296875 0.0392156862745098 0.060546875
