0 0.07107843137254902 0.0478515625 0.06699346405228758 0.083984375
0 0.09313725490196079 0.16015625 0.08169934640522876 0.109375
0 0.2679738562091503 0.0322265625 0.058823529411764705 0.060546875
0 0.4281045751633987 0.388671875 0.058823529411764705 0.09375
0 0.3758169934640523 0.7392578125 0.07189542483660132 0.095703125
0 0.10457516339869281 0.802734375 0.06535947712418301 0.09375
0 0.10947712418300654 0.8505859375 0.06862745098039216 0.068359375
0 0.16258169934640523 0.869140625 0.07352941176470588 0.09375
0 0.2312091503267974 0.859375 0.07352941176470588 0.09765625
0 0.8602941176470589 0.294921875 0.04738562091503268 0.0703125
0 0.8267973856209151 0.32421875 0.04575163398692811 0.06640625
0 0.6911764705882353 0.419921875 0.042483660130718956 0.05859375
0 0.6584967320261438 0.4345703125 0.05228758169934641 0.068359375
0 0.7965686274509804 0.740234375 0.06045751633986928 0.08203125
0 0.9640522875816994 0.634765625 0.058823529411764705 0.08203125
0 0.41911764705882354 0.673828125 0.057189542483660136 0.0859375
0 0.06045751633986928 0.69140625 0.06209150326797386 0.07421875
0 0.049019607843137254 0.755859375 0.06209150326797386 0.07421875
0 0.880718954248366 0.7001953125 0.05228758169934641 0.064453125
0 0.8431372549019608 0.748046875 0.04575163398692811 0.0625
0 0.8823529411764706 0.759765625 0.05228758169934641 0.06640625
