0 0.3161764705882353 0.1796875 0.08333333333333334 0.10546875
0 0.2581699346405229 0.533203125 0.08823529411764706 0.11328125
0 0.33496732026143794 0.5263671875 0.06862745098039216 0.091796875
0 0.3047385620915033 0.5908203125 0.08660130718954248 0.099609375
0 0.5392156862745098 0.5634765625 0.09803921568627451 0.103515625
0 0.48447712418300654 0.6103515625 0.06699346405228758 0.111328125
0 0.41339869281045755 0.6240234375 0.09477124183006536 0.111328125
0 0.5531045751633987 0.6376953125 0.07352941176470588 0.087890625
0 0.5571895424836601 0.7333984375 0.08496732026143791 0.107421875
0 0.8120915032679739 0.634765625 0.07189542483660132 0.08203125
0 0.8243464052287582 0.861328125 0.08333333333333334 0.11328125
0 0.7622549019607844 0.8974609375 0.08333333333333334 0.107421875
0 0.8929738562091504 0.7744140625 0.08986928104575163 0.111328125
