0 0.06290849673202614 0.1748046875 0.07352941176470588 0.091796875
0 0.12336601307189543 0.34375 0.07352941176470588 0.09375
0 0.16339869281045752 0.3857421875 0.06535947712418301 0.083984375
0 0.4109477124183007 0.724609375 0.08660130718954248 0.1015625
0 0.6241830065359477 0.8720703125 0.10130718954248366 0.123046875
0 0.5604575163398693 0.916015625 0.10784313725490197 0.1171875
0 0.954248366013072 0.7685546875 0.09150326797385622 0.146484375
0 0.8439542483660131 0.826171875 0.11274509803921569 0.1171875
0 0.8733660130718954 0.92578125 0.09640522875816994 0.125
0 0.9583333333333334 0.92578125 0.08333333333333334 0.12890625
