0 0.14460784313725492 0.369140625 0.08333333333333334 0.12109375
0 0.21895424836601307 0.7138671875 0.06209150326797386 0.068359375
0 0.18137254901960784 0.298828125 0.06862745098039216 0.09765625
0 0.21323529411764708 0.2568359375 0.08006535947712419 0.107421875
0 0.12663398692810457 0.068359375 0.08333333333333334 0.109375
0 0.2818627450980392 0.203125 0.07679738562091504 0.109375
0 0.4084967320261438 0.0634765625 0.0784313725490196 0.103515625
0 0.4526143790849673 0.033203125 0.06209150326797386 0.0625
0 0.4803921568627451 0.09765625 0.07516339869281045 0.109375
0 0.4681372549019608 0.408203125 0.06372549019607843 0.07421875
0 0.6209150326797386 0.712890625 0.058823529411764705 0.0703125
0 0.6593137254901961 0.7177734375 0.05065359477124183 0.080078125
0 0.8864379084967321 0.0673828125 0.09313725490196079 0.099609375
0 0.8815359477124183 0.0341796875 0.08986928104575163 0.064453125
0 0.9599673202614379 0.3466796875 0.08006535947712419 0.111328125
0 0.8660130718954249 0.4365234375 0.07516339869281045 0.087890625
0 0.8823529411764706 0.8115234375 0.08169934640522876 0.119140625
0 0.7933006535947713 0.8916015625 0.07679738562091504 0.123046875
0 0.8423202614379085 0.8876953125 0.08986928104575163 0.126953125
0 0.9526143790849674 0.947265625 0.08823529411764706 0.10546875
