0 0.035130718954248366 0.2333984375 0.06045751633986928 0.087890625
0 0.2761437908496732 0.32421875 0.08169934640522876 0.109375
0 0.309640522875817 0.0673828125 0.07352941176470588 0.103515625
0 0.49264705882352944 0.4833984375 0.08333333333333334 0.115234375
0 0.5612745098039216 0.53515625 0.08333333333333334 0.109375
0 0.6511437908496732 0.6025390625 0.08333333333333334 0.115234375
0 0.6053921568627452 0.658203125 0.07026143790849673 0.078125
0 0.5906862745098039 0.7197265625 0.07352941176470588 0.083984375
0 0.2573529411764706 0.8369140625 0.04738562091503268 0.060546875
0 0.24019607843137256 0.8974609375 0.04575163398692811 0.068359375
0 0.5073529411764706 0.8681640625 0.04411764705882353 0.060546875
0 0.917483660130719 0.7236328125 0.08006535947712419 0.123046875
0 0.8308823529411765 0.8193359375 0.06699346405228758 0.103515625
0 0.8758169934640523 0.6455078125 0.058823529411764705 0.076171875
0 0.9681372549019608 0.2685546875 0.06372549019607843 0.115234375
0 0.704248366013072 0.5771484375 0.06535947712418301 0.083984375
