0 0.09885620915032681 0.23046875 0.06699346405228758 0.0703125
0 0.03594771241830066 0.048828125 0.04575163398692811 0.06640625
0 0.3284313725490196 0.306640625 0.08169934640522876 0.08984375
0 0.41013071895424835 0.51171875 0.07516339869281045 0.09375
0 0.49264705882352944 0.5634765625 0.07026143790849673 0.091796875
0 0.513888888888889 0.6650390625 0.07026143790849673 0.076171875
0 0.5032679738562091 0.8828125 0.08496732026143791 0.09765625
0 0.5555555555555556 0.7197265625 0.07516339869281045 0.087890625
0 0.6299019607843137 0.708984375 0.07352941176470588 0.09375
0 0.5187908496732027 0.3564453125 0.08006535947712419 0.103515625
0 0.5718954248366013 0.333984375 0.07516339869281045 0.109375
0 0.5833333333333334 0.375 0.06209150326797386 0.0859375
0 0.573529411764706 0.1259765625 0.08169934640522876 0.099609375
0 0.6870915032679739 0.37109375 0.08333333333333334 0.10546875
0 0.8202614379084967 0.2060546875 0.06862745098039216 0.091796875
