0 0.016339869281045753 0.4765625 0.029411764705882353 0.1015625
0 0.03676470588235294 0.546875 0.07026143790849673 0.109375
0 0.2761437908496732 0.8046875 0.09477124183006536 0.125
0 0.2777777777777778 0.8662109375 0.0784313725490196 0.068359375
0 0.2769607843137255 0.9345703125 0.08660130718954248 0.103515625
0 0.6821895424836601 0.69140625 0.08986928104575163 0.125
0 0.7352941176470589 0.943359375 0.10457516339869281 0.11328125
0 0.9052287581699346 0.6064453125 0.0784313725490196 0.119140625
0 0.7598039215686275 0.365234375 0.07516339869281045 0.08203125
0 0.9125816993464052 0.416015625 0.08333333333333334 0.12109375
