0 0.22957516339869283 0.0859375 0.09313725490196079 0.125
0 0.48366013071895425 0.2119140625 0.07189542483660132 0.111328125
0 0.5465686274509804 0.2314453125 0.08006535947712419 0.123046875
0 0.6200980392156863 0.392578125 0.09313725490196079 0.13671875
0 0.7017973856209151 0.5771484375 0.09640522875816994 0.142578125
0 0.7410130718954249 0.4443359375 0.06699346405228758 0.099609375
0 0.7630718954248367 0.373046875 0.06209150326797386 0.078125
0 0.8619281045751634 0.439453125 0.07352941176470588 0.1171875
0 0.9133986928104575 0.30078125 0.07189542483660132 0.1015625
0 0.9419934640522876 0.3857421875 0.07679738562091504 0.107421875
