0 0.3553921568627451 0.2421875 0.07352941176470588 0.08984375
0 0.4256535947712418 0.2470703125 0.06045751633986928 0.080078125
0 0.7614379084967321 0.212890625 0.05228758169934641 0.05859375
0 0.2769607843137255 0.8154296875 0.08660130718954248 0.126953125
0 0.46977124183006536 0.625 0.08986928104575163 0.1015625
0 0.5073529411764706 0.666015625 0.057189542483660136 0.10546875
0 0.6315359477124183 0.55859375 0.07352941176470588 0.10546875
0 0.6993464052287582 0.5302734375 0.08496732026143791 0.060546875
0 0.6919934640522876 0.5908203125 0.08986928104575163 0.111328125
0 0.6715686274509804 0.7255859375 0.0784313725490196 0.087890625
