0 0.07189542483660132 0.9619140625 0.0784313725490196 0.076171875
0 0.1715686274509804 0.7314453125 0.0784313725490196 0.107421875
0 0.23447712418300654 0.5390625 0.07679738562091504 0.1171875
0 0.40032679738562094 0.5869140625 0.05555555555555556 0.068359375
0 0.08986928104575163 0.3017578125 0.07189542483660132 0.083984375
0 0.12826797385620917 0.248046875 0.06699346405228758 0.1015625
0 0.2107843137254902 0.2548828125 0.08169934640522876 0.111328125
0 0.07026143790849673 0.154296875 0.06209150326797386 0.08984375
0 0.28839869281045755 0.236328125 0.06045751633986928 0.08203125
0 0.6168300653594772 0.314453125 0.06699346405228758 0.11328125
0 0.8186274509803921 0.0556640625 0.07516339869281045 0.107421875
0 0.559640522875817 0.1298828125 0.05392156862745098 0.083984375
0 0.9035947712418301 0.029296875 0.05555555555555556 0.0546875
0 0.6560457516339869 0.8369140625 0.05065359477124183 0.068359375
0 0.6772875816993464 0.8515625 0.04738562091503268 0.0625
0 0.698529411764706 0.8291015625 0.04411764705882353 0.060546875
