0 0.41748366013071897 0.455078125 0.07352941176470588 0.09765625
0 0.880718954248366 0.4140625 0.07516339869281045 0.09765625
0 0.9109477124183006 0.4345703125 0.05392156862745098 0.083984375
0 0.6854575163398693 0.6953125 0.04411764705882353 0.0546875
0 0.5825163398692811 0.9619140625 0.06699346405228758 0.072265625
0 0.7549019607843137 0.78125 0.05228758169934641 0.05859375
0 0.7606209150326798 0.8330078125 0.05065359477124183 0.064453125
0 0.7941176470588236 0.8671875 0.058823529411764705 0.06640625
0 0.8676470588235294 0.873046875 0.042483660130718956 0.078125
0 0.9060457516339869 0.876953125 0.07026143790849673 0.08203125
