0 0.04493464052287582 0.310546875 0.08660130718954248 0.1171875
0 0.238562091503268 0.357421875 0.08823529411764706 0.12109375
0 0.28758169934640526 0.23828125 0.06209150326797386 0.1015625
0 0.36764705882352944 0.208984375 0.05555555555555556 0.078125
0 0.057189542483660136 0.7236328125 0.042483660130718956 0.072265625
0 0.41830065359477125 0.7744140625 0.08169934640522876 0.130859375
0 0.696078431372549 0.0791015625 0.07189542483660132 0.099609375
0 0.6437908496732027 0.294921875 0.06862745098039216 0.1171875
0 0.8104575163398693 0.5927734375 0.07189542483660132 0.115234375
0 0.8570261437908497 0.74609375 0.04738562091503268 0.07421875
0 0.934640522875817 0.6572265625 0.04575163398692811 0.064453125
