0 0.673202614379085 0.1455078125 0.06862745098039216 0.099609375
0 0.7712418300653595 0.24609375 0.07189542483660132 0.10546875
0 0.6862745098039216 0.51171875 0.06862745098039216 0.1015625
0 0.704248366013072 0.57421875 0.058823529411764705 0.0859375
0 0.8472222222222222 0.5615234375 0.06045751633986928 0.083984375
0 0.9019607843137255 0.6416015625 0.07516339869281045 0.107421875
0 0.8496732026143791 0.642578125 0.06862745098039216 0.1171875
0 0.8178104575163399 0.67578125 0.06045751633986928 0.0859375
0 0.33905228758169936 0.7119140625 0.07679738562091504 0.099609375
0 0.2973856209150327 0.7255859375 0.05555555555555556 0.107421875
0 0.619281045751634 0.666015625 0.04575163398692811 0.06640625
0 0.6944444444444444 0.7587890625 0.05228758169934641 0.083984375
0 0.6372549019607844 0.7265625 0.0392156862745098 0.05078125
0 0.7246732026143791 0.77734375 0.05065359477124183 0.078125
0 0.6715686274509804 0.791015625 0.049019607843137254 0.06640625
0 0.34558823529411764 0.7919921875 0.05065359477124183 0.072265625
0 0.2965686274509804 0.9208984375 0.06372549019607843 0.076171875
0 0.7867647058823529 0.8310546875 0.04738562091503268 0.068359375
0 0.8137254901960784 0.74609375 0.05228758169934641 0.05859375
0 0.8913398692810458 0.8203125 0.05392156862745098 0.06640625
0 0.9281045751633987 0.8330078125 0.04575163398692811 0.064453125
0 0.9730392156862745 0.787109375 0.04738562091503268 0.06640625
