0 0.26062091503267976 0.234375 0.08006535947712419 0.11328125
0 0.17973856209150327 0.24609375 0.07189542483660132 0.078125
0 0.024509803921568627 0.146484375 0.04575163398692811 0.09375
0 0.09313725490196079 0.3896484375 0.08823529411764706 0.099609375
0 0.032679738562091505 0.375 0.06209150326797386 0.09765625
0 0.19526143790849673 0.3857421875 0.05065359477124183 0.060546875
0 0.22549019607843138 0.349609375 0.06862745098039216 0.078125
0 0.2973856209150327 0.5166015625 0.049019607843137254 0.056640625
0 0.5114379084967321 0.537109375 0.06535947712418301 0.08984375
0 0.5253267973856209 0.423828125 0.06372549019607843 0.078125
0 0.5784313725490197 0.44140625 0.05228758169934641 0.05859375
0 0.6413398692810458 0.4765625 0.05392156862745098 0.07421875
0 0.6593137254901961 0.419921875 0.06045751633986928 0.078125
0 0.6699346405228759 0.3037109375 0.058823529411764705 0.087890625
0 0.704248366013072 0.29296875 0.05555555555555556 0.08203125
0 0.6372549019607844 0.2158203125 0.05228758169934641 0.064453125
