0 0.18300653594771243 0.5966796875 0.0784313725490196 0.115234375
0 0.35784313725490197 0.3310546875 0.09150326797385622 0.111328125
0 0.5841503267973857 0.951171875 0.06699346405228758 0.08984375
0 0.4665032679738562 0.0947265625 0.05392156862745098 0.083984375
0 0.5563725490196079 0.2353515625 0.07352941176470588 0.095703125
0 0.5923202614379085 0.3662109375 0.07679738562091504 0.119140625
0 0.5269607843137255 0.3935546875 0.07026143790849673 0.087890625
0 0.5285947712418301 0.486328125 0.07679738562091504 0.1171875
0 0.5808823529411765 0.4921875 0.04411764705882353 0.1015625
0 0.7843137254901961 0.068359375 0.08169934640522876 0.10546875
0 0.8308823529411765 0.041015625 0.08660130718954248 0.078125
0 0.8406862745098039 0.283203125 0.07679738562091504 0.08984375
0 0.5898692810457516 0.6259765625 0.058823529411764705 0.103515625
0 0.6421568627450981 0.6513671875 0.08169934640522876 0.095703125
0 0.6282679738562091 0.720703125 0.08333333333333334 0.09765625
0 0.6266339869281046 0.8017578125 0.08986928104575163 0.099609375
0 0.8986928104575164 0.638671875 0.07516339869281045 0.1015625
0 0.7785947712418301 0.708984375 0.057189542483660136 0.07421875
0 0.7745098039215687 0.740234375 0.0784313725490196 0.08984375
