0 0.4215686274509804 0.10546875 0.0784313725490196 0.1171875
0 0.5049019607843137 0.1728515625 0.06209150326797386 0.091796875
0 0.5522875816993464 0.1884765625 0.08496732026143791 0.099609375
0 0.5571895424836601 0.2744140625 0.06862745098039216 0.064453125
0 0.6029411764705882 0.0771484375 0.06862745098039216 0.099609375
0 0.5294117647058824 0.0537109375 0.0784313725490196 0.095703125
0 0.10784313725490197 0.6015625 0.08823529411764706 0.1328125
0 0.15849673202614378 0.6689453125 0.07516339869281045 0.111328125
0 0.1315359477124183 0.455078125 0.05065359477124183 0.06640625
0 0.184640522875817 0.50390625 0.058823529411764705 0.05859375
