0 0.3897058823529412 0.51953125 0.06699346405228758 0.078125
0 0.119281045751634 0.82421875 0.058823529411764705 0.078125
0 0.0923202614379085 0.873046875 0.07679738562091504 0.08203125
0 0.2834967320261438 0.921875 0.07352941176470588 0.078125
0 0.4607843137254902 0.6953125 0.07189542483660132 0.09375
0 0.5073529411764706 0.837890625 0.07352941176470588 0.08984375
0 0.6862745098039216 0.787109375 0.05228758169934641 0.078125
0 0.6527777777777778 0.830078125 0.05065359477124183 0.0859375
0 0.7361111111111112 0.8408203125 0.04084967320261438 0.060546875
0 0.7679738562091504 0.6279296875 0.049019607843137254 0.064453125
0 0.829248366013072 0.654296875 0.03758169934640523 0.0546875
0 0.8251633986928105 0.7333984375 0.04575163398692811 0.064453125
0 0.9207516339869282 0.6171875 0.03758169934640523 0.05859375
0 0.9150326797385622 0.6513671875 0.04575163398692811 0.052734375
0 0.7336601307189543 0.0322265625 0.06862745098039216 0.060546875
