0 0.07026143790849673 0.3388671875 0.08169934640522876 0.111328125
0 0.10130718954248366 0.2001953125 0.08496732026143791 0.115234375
0 0.19444444444444445 0.06640625 0.08169934640522876 0.11328125
0 0.4305555555555556 0.31640625 0.04738562091503268 0.08984375
0 0.03349673202614379 0.7255859375 0.06372549019607843 0.099609375
0 0.18300653594771243 0.7626953125 0.0784313725490196 0.091796875
0 0.7181372549019608 0.7744140625 0.07026143790849673 0.080078125
0 0.7565359477124183 0.822265625 0.09150326797385622 0.1015625
0 0.7516339869281046 0.7392578125 0.0784313725490196 0.107421875
0 0.6838235294117647 0.69921875 0.09313725490196079 0.125
0 0.7524509803921569 0.6435546875 0.08333333333333334 0.099609375
0 0.9248366013071896 0.9677734375 0.06535947712418301 0.064453125
0 0.8014705882352942 0.4453125 0.03758169934640523 0.05859375
