0 0.049019607843137254 0.0703125 0.06209150326797386 0.08203125
0 0.18872549019607843 0.1171875 0.05392156862745098 0.0703125
0 0.015522875816993464 0.482421875 0.02777777777777778 0.11328125
0 0.22140522875816995 0.10546875 0.057189542483660136 0.07421875
0 0.3790849673202614 0.822265625 0.0784313725490196 0.12109375
0 0.440359477124183 0.8232421875 0.09967320261437909 0.134765625
0 0.5179738562091504 0.94140625 0.10457516339869281 0.11328125
0 0.5857843137254902 0.662109375 0.09313725490196079 0.1171875
0 0.9248366013071896 0.3603515625 0.09477124183006536 0.126953125
0 0.9338235294117647 0.7373046875 0.09313725490196079 0.115234375
0 0.7589869281045751 0.8271484375 0.09967320261437909 0.115234375
0 0.798202614379085 0.8759765625 0.07026143790849673 0.095703125
0 0.8496732026143791 0.919921875 0.08496732026143791 0.12890625
0 0.8929738562091504 0.0322265625 0.04738562091503268 0.056640625
