0 0.41748366013071897 0.0302734375 0.05065359477124183 0.056640625
0 0.4534313725490196 0.5703125 0.05392156862745098 0.0859375
0 0.9117647058823529 0.2607421875 0.049019607843137254 0.064453125
0 0.9803921568627452 0.1728515625 0.0392156862745098 0.076171875
0 0.9305555555555556 0.40625 0.057189542483660136 0.0703125
0 0.14297385620915032 0.5244140625 0.09640522875816994 0.119140625
0 0.2450980392156863 0.49609375 0.06862745098039216 0.109375
0 0.2769607843137255 0.5791015625 0.09967320261437909 0.126953125
0 0.21241830065359477 0.6474609375 0.09803921568627451 0.126953125
0 0.1519607843137255 0.6962890625 0.09803921568627451 0.130859375
0 0.23447712418300654 0.759765625 0.09967320261437909 0.13671875
0 0.1315359477124183 0.783203125 0.08333333333333334 0.125
0 0.06045751633986928 0.9287109375 0.09477124183006536 0.142578125
