0 0.07434640522875817 0.337890625 0.07679738562091504 0.08203125
0 0.08415032679738563 0.427734375 0.06699346405228758 0.0703125
0 0.08088235294117647 0.552734375 0.05065359477124183 0.0703125
0 0.184640522875817 0.6318359375 0.058823529411764705 0.087890625
0 0.3700980392156863 0.5966796875 0.08986928104575163 0.115234375
0 0.4362745098039216 0.5400390625 0.08823529411764706 0.119140625
0 0.5179738562091504 0.5478515625 0.09150326797385622 0.134765625
0 0.6331699346405228 0.392578125 0.07679738562091504 0.09765625
0 0.6274509803921569 0.4697265625 0.09477124183006536 0.091796875
0 0.6928104575163399 0.4287109375 0.0784313725490196 0.115234375
0 0.7581699346405228 0.564453125 0.07516339869281045 0.09765625
0 0.8472222222222222 0.490234375 0.07026143790849673 0.078125
0 0.7990196078431373 0.458984375 0.05555555555555556 0.09375
0 0.7401960784313726 0.349609375 0.07189542483660132 0.10546875
0 0.7369281045751634 0.228515625 0.0784313725490196 0.09375
0 0.8455882352941176 0.244140625 0.06372549019607843 0.0703125
