0 0.8725490196078431 0.4921875 0.05555555555555556 0.08203125
0 0.923202614379085 0.58203125 0.10130718954248366 0.11328125
0 0.9697712418300654 0.638671875 0.06045751633986928 0.11328125
0 0.8137254901960784 0.8251953125 0.09477124183006536 0.134765625
0 0.9076797385620915 0.9638671875 0.05065359477124183 0.072265625
0 0.7066993464052288 0.6328125 0.07352941176470588 0.12109375
0 0.6486928104575164 0.66015625 0.07189542483660132 0.12109375
0 0.6315359477124183 0.6005859375 0.05392156862745098 0.072265625
0 0.5947712418300654 0.6474609375 0.06535947712418301 0.099609375
0 0.19526143790849673 0.755859375 0.07026143790849673 0.0859375
0 0.2099673202614379 0.8203125 0.07026143790849673 0.0859375
0 0.26552287581699346 0.861328125 0.06045751633986928 0.0625
0 0.49264705882352944 0.818359375 0.07352941176470588 0.0859375
0 0.5 0.8974609375 0.0784313725490196 0.103515625
0 0.5955882352941176 0.9443359375 0.06045751633986928 0.080078125
0 0.24754901960784315 0.904296875 0.08333333333333334 0.09765625
0 0.17973856209150327 0.9287109375 0.07189542483660132 0.091796875
0 0.11029411764705882 0.9599609375 0.07352941176470588 0.080078125
