0 0.1781045751633987 0.314453125 0.09477124183006536 0.109375
0 0.19444444444444445 0.4375 0.06862745098039216 0.09765625
0 0.2377450980392157 0.572265625 0.08333333333333334 0.10546875
0 0.30637254901960786 0.5771484375 0.07352941176470588 0.107421875
0 0.5269607843137255 0.8525390625 0.07026143790849673 0.087890625
0 0.573529411764706 0.8056640625 0.06535947712418301 0.087890625
0 0.565359477124183 0.7333984375 0.06862745098039216 0.080078125
0 0.6184640522875817 0.755859375 0.07352941176470588 0.0859375
0 0.6168300653594772 0.8193359375 0.057189542483660136 0.072265625
0 0.4362745098039216 0.482421875 0.05555555555555556 0.0703125
0 0.4485294117647059 0.513671875 0.06045751633986928 0.06640625
0 0.5130718954248367 0.2548828125 0.07189542483660132 0.103515625
0 0.5522875816993464 0.1005859375 0.06209150326797386 0.068359375
0 0.6339869281045751 0.0322265625 0.07189542483660132 0.060546875
0 0.6584967320261438 0.08984375 0.06535947712418301 0.078125
0 0.6740196078431373 0.17578125 0.07352941176470588 0.08203125
0 0.8218954248366014 0.609375 0.0784313725490196 0.09765625
0 0.6527777777777778 0.703125 0.07352941176470588 0.078125
0 0.684640522875817 0.734375 0.05555555555555556 0.06640625
