0 0.2434640522875817 0.1494140625 0.07516339869281045 0.091796875
0 0.13643790849673204 0.3095703125 0.07679738562091504 0.115234375
0 0.05310457516339869 0.4345703125 0.06699346405228758 0.087890625
0 0.01715686274509804 0.42578125 0.03104575163398693 0.10546875
0 0.04656862745098039 0.5673828125 0.06372549019607843 0.083984375
0 0.2312091503267974 0.8251953125 0.07352941176470588 0.103515625
0 0.12336601307189543 0.765625 0.05065359477124183 0.0703125
0 0.3374183006535948 0.888671875 0.057189542483660136 0.07421875
0 0.3055555555555556 0.927734375 0.07516339869281045 0.10546875
0 0.5457516339869282 0.84375 0.07189542483660132 0.078125
0 0.5473856209150327 0.89453125 0.07189542483660132 0.0859375
0 0.7091503267973857 0.8818359375 0.07189542483660132 0.091796875
0 0.6633986928104575 0.8583984375 0.058823529411764705 0.091796875
