0 0.028594771241830068 0.05859375 0.05392156862745098 0.1015625
0 0.411764705882353 0.3056640625 0.042483660130718956 0.072265625
0 0.45588235294117646 0.3037109375 0.05228758169934641 0.083984375
0 0.27941176470588236 0.5576171875 0.03594771241830066 0.072265625
0 0.3112745098039216 0.5673828125 0.05065359477124183 0.068359375
0 0.5547385620915033 0.576171875 0.05065359477124183 0.078125
0 0.4893790849673203 0.5205078125 0.057189542483660136 0.064453125
0 0.6053921568627452 0.5830078125 0.057189542483660136 0.083984375
0 0.24019607843137256 0.7890625 0.05228758169934641 0.08203125
0 0.2704248366013072 0.765625 0.03431372549019608 0.046875
0 0.2785947712418301 0.8076171875 0.04738562091503268 0.068359375
0 0.32026143790849676 0.8681640625 0.04575163398692811 0.068359375
0 0.3423202614379085 0.8037109375 0.04084967320261438 0.060546875
0 0.3562091503267974 0.8515625 0.042483660130718956 0.0546875
0 0.375 0.8154296875 0.03758169934640523 0.060546875
0 0.38071895424836605 0.775390625 0.049019607843137254 0.0703125
0 0.4893790849673203 0.9306640625 0.05392156862745098 0.083984375
0 0.5098039215686274 0.8671875 0.042483660130718956 0.0625
0 0.5964052287581699 0.9189453125 0.05555555555555556 0.076171875
0 0.6421568627450981 0.92578125 0.05228758169934641 0.0859375
