0 0.24918300653594772 0.1689453125 0.057189542483660136 0.080078125
0 0.19607843137254902 0.2236328125 0.05228758169934641 0.068359375
0 0.18300653594771243 0.2763671875 0.05555555555555556 0.076171875
0 0.3243464052287582 0.4150390625 0.06372549019607843 0.087890625
0 0.25 0.58984375 0.05228758169934641 0.07421875
0 0.13643790849673204 0.7470703125 0.05392156862745098 0.080078125
0 0.3872549019607843 0.3798828125 0.049019607843137254 0.076171875
0 0.4624183006535948 0.501953125 0.058823529411764705 0.08203125
0 0.6764705882352942 0.427734375 0.058823529411764705 0.0859375
0 0.5334967320261438 0.6318359375 0.07026143790849673 0.087890625
0 0.5931372549019608 0.66015625 0.06209150326797386 0.078125
0 0.7066993464052288 0.625 0.06699346405228758 0.08984375
0 0.6968954248366013 0.7021484375 0.07352941176470588 0.083984375
0 0.7475490196078431 0.724609375 0.04738562091503268 0.078125
0 0.6748366013071896 0.78125 0.058823529411764705 0.0859375
0 0.6584967320261438 0.896484375 0.06209150326797386 0.0703125
0 0.7483660130718954 0.9326171875 0.05228758169934641 0.068359375
