0 0.049019607843137254 0.1181640625 0.04575163398692811 0.068359375
0 0.08660130718954248 0.1435546875 0.05228758169934641 0.076171875
0 0.49673202614379086 0.02734375 0.06209150326797386 0.05078125
0 0.7099673202614379 0.126953125 0.09313725490196079 0.1171875
0 0.5089869281045751 0.21875 0.08006535947712419 0.0859375
0 0.4812091503267974 0.2587890625 0.07026143790849673 0.083984375
0 0.4550653594771242 0.30859375 0.07352941176470588 0.08984375
0 0.2540849673202614 0.5087890625 0.07679738562091504 0.076171875
0 0.3031045751633987 0.576171875 0.06699346405228758 0.09765625
0 0.2647058823529412 0.6298828125 0.0784313725490196 0.099609375
0 0.08088235294117647 0.8701171875 0.07352941176470588 0.080078125
0 0.09803921568627451 0.978515625 0.07516339869281045 0.04296875
0 0.5 0.6943359375 0.08169934640522876 0.095703125
0 0.5130718954248367 0.7744140625 0.09150326797385622 0.099609375
0 0.5522875816993464 0.71875 0.06209150326797386 0.09765625
0 0.607843137254902 0.7099609375 0.07516339869281045 0.099609375
0 0.6013071895424836 0.8115234375 0.08496732026143791 0.107421875
