0 0.01715686274509804 0.6416015625 0.03104575163398693 0.087890625
0 0.09068627450980392 0.6904296875 0.06372549019607843 0.076171875
0 0.26552287581699346 0.849609375 0.057189542483660136 0.0703125
0 0.28594771241830064 0.8876953125 0.058823529411764705 0.068359375
0 0.3709150326797386 0.755859375 0.07189542483660132 0.08203125
0 0.4199346405228758 0.630859375 0.058823529411764705 0.0859375
0 0.7181372549019608 0.6142578125 0.057189542483660136 0.083984375
0 0.9428104575163399 0.591796875 0.07516339869281045 0.09375
0 0.8872549019607844 0.80078125 0.04575163398692811 0.0859375
0 0.7647058823529412 0.77734375 0.06535947712418301 0.078125
0 0.7745098039215687 0.818359375 0.06209150326797386 0.06640625
0 0.7066993464052288 0.873046875 0.06045751633986928 0.0625
