0 0.07761437908496732 0.529296875 0.07352941176470588 0.1015625
0 0.2508169934640523 0.50390625 0.06372549019607843 0.07421875
0 0.4722222222222222 0.240234375 0.08496732026143791 0.10546875
0 0.6397058823529412 0.35546875 0.08660130718954248 0.12890625
0 0.6952614379084967 0.3115234375 0.08333333333333334 0.083984375
0 0.7009803921568628 0.396484375 0.08169934640522876 0.11328125
0 0.8055555555555556 0.376953125 0.08496732026143791 0.11328125
0 0.821078431372549 0.474609375 0.08333333333333334 0.125
0 0.8651960784313726 0.3330078125 0.07679738562091504 0.115234375
0 0.9264705882352942 0.333984375 0.06862745098039216 0.10546875
0 0.5866013071895425 0.08203125 0.08169934640522876 0.10546875
0 0.7230392156862745 0.1630859375 0.08660130718954248 0.115234375
0 0.7606209150326798 0.2099609375 0.05065359477124183 0.076171875
0 0.8733660130718954 0.2041015625 0.07026143790849673 0.091796875
