0 0.07598039215686275 0.5771484375 0.08660130718954248 0.126953125
0 0.1323529411764706 0.6298828125 0.08169934640522876 0.103515625
0 0.03676470588235294 0.6923828125 0.04738562091503268 0.087890625
0 0.1388888888888889 0.693359375 0.05228758169934641 0.06640625
0 0.12990196078431374 0.759765625 0.05065359477124183 0.07421875
0 0.10457516339869281 0.8583984375 0.06535947712418301 0.064453125
0 0.1642156862745098 0.921875 0.06045751633986928 0.08203125
0 0.22549019607843138 0.75 0.06209150326797386 0.08203125
0 0.2679738562091503 0.7412109375 0.06862745098039216 0.091796875
0 0.3496732026143791 0.8115234375 0.07516339869281045 0.091796875
0 0.3423202614379085 0.6767578125 0.07026143790849673 0.083984375
0 0.37826797385620914 0.7158203125 0.07352941176470588 0.083984375
0 0.3888888888888889 0.6181640625 0.08169934640522876 0.099609375
0 0.4419934640522876 0.4228515625 0.08333333333333334 0.099609375
0 0.573529411764706 0.630859375 0.07516339869281045 0.09765625
0 0.548202614379085 0.7822265625 0.06372549019607843 0.087890625
0 0.6062091503267975 0.7880859375 0.07189542483660132 0.083984375
0 0.613562091503268 0.875 0.05065359477124183 0.0859375
0 0.6576797385620915 0.9326171875 0.07679738562091504 0.099609375
0 0.9648692810457516 0.498046875 0.05065359477124183 0.07421875
