0 0.16666666666666669 0.125 0.05555555555555556 0.0859375
0 0.06209150326797386 0.2724609375 0.06535947712418301 0.080078125
0 0.02369281045751634 0.4765625 0.04411764705882353 0.06640625
0 0.28431372549019607 0.458984375 0.06862745098039216 0.10546875
0 0.28594771241830064 0.3466796875 0.058823529411764705 0.099609375
0 0.07679738562091504 0.66796875 0.07516339869281045 0.09375
0 0.20098039215686275 0.669921875 0.06862745098039216 0.09375
0 0.17647058823529413 0.751953125 0.04575163398692811 0.07421875
0 0.2312091503267974 0.751953125 0.05065359477124183 0.078125
0 0.2696078431372549 0.7744140625 0.05555555555555556 0.076171875
0 0.2712418300653595 0.826171875 0.05555555555555556 0.0625
0 0.33986928104575165 0.7138671875 0.058823529411764705 0.076171875
0 0.42320261437908496 0.8330078125 0.05228758169934641 0.072265625
0 0.40441176470588236 0.90625 0.04084967320261438 0.05078125
0 0.5400326797385621 0.509765625 0.06045751633986928 0.09375
0 0.49101307189542487 0.5751953125 0.06045751633986928 0.083984375
0 0.44689542483660133 0.7373046875 0.06045751633986928 0.072265625
0 0.4934640522875817 0.732421875 0.049019607843137254 0.0703125
0 0.46977124183006536 0.7939453125 0.06699346405228758 0.095703125
0 0.5130718954248367 0.880859375 0.06209150326797386 0.0859375
0 0.542483660130719 0.873046875 0.04575163398692811 0.078125
0 0.5580065359477124 0.966796875 0.06045751633986928 0.06640625
0 0.5637254901960784 0.8369140625 0.06535947712418301 0.072265625
0 0.6102941176470589 0.681640625 0.06045751633986928 0.08984375
0 0.6013071895424836 0.7841796875 0.07516339869281045 0.091796875
0 0.6119281045751634 0.8515625 0.06372549019607843 0.08203125
0 0.6405228758169935 0.90234375 0.058823529411764705 0.078125
0 0.6429738562091504 0.73828125 0.06045751633986928 0.08984375
0 0.6617647058823529 0.7744140625 0.04575163398692811 0.064453125
0 0.7745098039215687 0.7412109375 0.05228758169934641 0.068359375
