0 0.16993464052287582 0.2373046875 0.07189542483660132 0.087890625
0 0.20261437908496732 0.1826171875 0.07189542483660132 0.103515625
0 0.2540849673202614 0.1640625 0.07352941176470588 0.10546875
0 0.30800653594771243 0.1689453125 0.07026143790849673 0.087890625
0 0.3496732026143791 0.373046875 0.07189542483660132 0.1015625
0 0.5408496732026143 0.337890625 0.08169934640522876 0.10546875
0 0.5906862745098039 0.431640625 0.07352941176470588 0.09765625
0 0.6258169934640523 0.494140625 0.07516339869281045 0.1015625
0 0.6511437908496732 0.443359375 0.06699346405228758 0.1015625
0 0.7883986928104575 0.6650390625 0.08006535947712419 0.111328125
0 0.9281045751633987 0.6455078125 0.07516339869281045 0.095703125
0 0.8913398692810458 0.587890625 0.07352941176470588 0.10546875
0 0.8545751633986929 0.544921875 0.08496732026143791 0.109375
0 0.34477124183006536 0.673828125 0.06535947712418301 0.06640625
0 0.5849673202614379 0.79296875 0.06535947712418301 0.09765625
0 0.5187908496732027 0.841796875 0.08986928104575163 0.10546875
0 0.5375816993464052 0.9189453125 0.06862745098039216 0.091796875
0 0.6290849673202614 0.96484375 0.06862745098039216 0.0703125
0 0.37990196078431376 0.91015625 0.08660130718954248 0.08984375
0 0.02042483660130719 0.12890625 0.03758169934640523 0.08203125
0 0.05555555555555556 0.1484375 0.05555555555555556 0.05859375
