0 0.02042483660130719 0.3681640625 0.03758169934640523 0.080078125
0 0.10375816993464053 0.552734375 0.06045751633986928 0.0859375
0 0.18382352941176472 0.5224609375 0.06045751633986928 0.095703125
0 0.19444444444444445 0.689453125 0.06862745098039216 0.08984375
0 0.24673202614379086 0.427734375 0.06862745098039216 0.0859375
0 0.28022875816993464 0.4814453125 0.06699346405228758 0.083984375
0 0.29411764705882354 0.5654296875 0.058823529411764705 0.095703125
0 0.33986928104575165 0.5556640625 0.09150326797385622 0.099609375
0 0.4665032679738562 0.6826171875 0.07352941176470588 0.103515625
0 0.5277777777777778 0.662109375 0.08823529411764706 0.09375
0 0.5857843137254902 0.6884765625 0.05392156862745098 0.095703125
0 0.5334967320261438 0.724609375 0.08986928104575163 0.08984375
0 0.5718954248366013 0.759765625 0.06535947712418301 0.0859375
0 0.7034313725490197 0.908203125 0.08006535947712419 0.1015625
0 0.8709150326797386 0.919921875 0.07516339869281045 0.08984375
0 0.49836601307189543 0.455078125 0.09803921568627451 0.09765625
0 0.5571895424836601 0.3984375 0.0784313725490196 0.09375
0 0.7124183006535948 0.3525390625 0.09477124183006536 0.095703125
0 0.744281045751634 0.3984375 0.07352941176470588 0.07421875
0 0.7573529411764706 0.2919921875 0.07352941176470588 0.083984375
0 0.8349673202614379 0.3359375 0.08496732026143791 0.08984375
0 0.852124183006536 0.2626953125 0.07352941176470588 0.087890625
0 0.8872549019607844 0.1845703125 0.0784313725490196 0.080078125
0 0.9256535947712419 0.2333984375 0.07679738562091504 0.080078125
0 0.9517973856209151 0.173828125 0.07679738562091504 0.08984375
