0 0.11029411764705882 0.3310546875 0.09640522875816994 0.099609375
0 0.4419934640522876 0.1865234375 0.06372549019607843 0.087890625
0 0.42647058823529416 0.2646484375 0.06535947712418301 0.076171875
0 0.4673202614379085 0.423828125 0.07189542483660132 0.109375
0 0.5163398692810458 0.48828125 0.05228758169934641 0.0625
0 0.3627450980392157 0.578125 0.06862745098039216 0.0859375
0 0.39542483660130723 0.6142578125 0.07189542483660132 0.080078125
0 0.09722222222222222 0.7548828125 0.05392156862745098 0.072265625
0 0.22303921568627452 0.755859375 0.06699346405228758 0.08203125
0 0.37990196078431376 0.734375 0.06045751633986928 0.06640625
0 0.3545751633986928 0.8828125 0.06209150326797386 0.06640625
0 0.5449346405228759 0.787109375 0.06372549019607843 0.0625
0 0.8668300653594772 0.84765625 0.08660130718954248 0.1171875
0 0.9044117647058824 0.6376953125 0.05392156862745098 0.076171875
0 0.9003267973856209 0.3623046875 0.049019607843137254 0.068359375
0 0.7467320261437909 0.3037109375 0.04575163398692811 0.064453125
0 0.7320261437908497 0.4150390625 0.049019607843137254 0.060546875
0 0.7017973856209151 0.4658203125 0.04084967320261438 0.060546875
