0 0.11437908496732027 0.0419921875 0.0784313725490196 0.080078125
0 0.19526143790849673 0.1181640625 0.08006535947712419 0.099609375
0 0.2042483660130719 0.5810546875 0.06535947712418301 0.091796875
0 0.2761437908496732 0.8828125 0.09150326797385622 0.09765625
0 0.44526143790849676 0.484375 0.06045751633986928 0.0859375
0 0.6429738562091504 0.7021484375 0.08333333333333334 0.095703125
0 0.5465686274509804 0.587890625 0.07352941176470588 0.078125
0 0.6160130718954249 0.841796875 0.049019607843137254 0.07421875
0 0.7279411764705882 0.849609375 0.07026143790849673 0.08203125
0 0.7410130718954249 0.9013671875 0.06699346405228758 0.080078125
0 0.7867647058823529 0.8564453125 0.06699346405228758 0.087890625
0 0.8464052287581699 0.8544921875 0.06862745098039216 0.091796875
0 0.5302287581699346 0.1552734375 0.07352941176470588 0.080078125
0 0.6111111111111112 0.1640625 0.06862745098039216 0.078125
0 0.6331699346405228 0.107421875 0.06045751633986928 0.078125
0 0.8602941176470589 0.2314453125 0.06372549019607843 0.083984375
