0 0.07026143790849673 0.1494140625 0.09150326797385622 0.138671875
0 0.1315359477124183 0.1474609375 0.08660130718954248 0.130859375
0 0.08660130718954248 0.060546875 0.08823529411764706 0.08984375
0 0.17892156862745098 0.53125 0.05392156862745098 0.078125
0 0.1642156862745098 0.7705078125 0.04738562091503268 0.076171875
0 0.20179738562091504 0.791015625 0.057189542483660136 0.07421875
0 0.5465686274509804 0.197265625 0.07352941176470588 0.109375
0 0.5580065359477124 0.2626953125 0.07679738562091504 0.103515625
0 0.5016339869281046 0.36328125 0.07189542483660132 0.09765625
0 0.45669934640522875 0.421875 0.05065359477124183 0.07421875
0 0.48366013071895425 0.45703125 0.042483660130718956 0.07421875
0 0.6380718954248367 0.2451171875 0.06045751633986928 0.083984375
0 0.6462418300653595 0.3095703125 0.07026143790849673 0.076171875
0 0.7017973856209151 0.3115234375 0.05392156862745098 0.072265625
0 0.7263071895424836 0.48828125 0.06699346405228758 0.0859375
0 0.7508169934640523 0.7353515625 0.08006535947712419 0.095703125
0 0.7990196078431373 0.7783203125 0.06209150326797386 0.083984375
0 0.8374183006535948 0.7802734375 0.06699346405228758 0.099609375
0 0.7696078431372549 0.8798828125 0.07516339869281045 0.099609375
