0 0.05473856209150327 0.2587890625 0.057189542483660136 0.083984375
0 0.022058823529411766 0.3056640625 0.04084967320261438 0.080078125
0 0.058823529411764705 0.357421875 0.05555555555555556 0.0703125
0 0.08741830065359478 0.3994140625 0.05392156862745098 0.068359375
0 0.14297385620915032 0.4208984375 0.057189542483660136 0.076171875
0 0.1388888888888889 0.44921875 0.05555555555555556 0.046875
0 0.21895424836601307 0.3583984375 0.07189542483660132 0.083984375
0 0.12908496732026145 0.51171875 0.06535947712418301 0.0703125
0 0.19934640522875818 0.462890625 0.05555555555555556 0.0703125
0 0.2769607843137255 0.515625 0.07679738562091504 0.0859375
0 0.28594771241830064 0.6064453125 0.06862745098039216 0.080078125
