0 0.3929738562091503 0.0478515625 0.07679738562091504 0.087890625
0 0.2834967320261438 0.318359375 0.06372549019607843 0.08984375
0 0.32516339869281047 0.294921875 0.04575163398692811 0.0625
0 0.33169934640522875 0.333984375 0.06862745098039216 0.07421875
0 0.7540849673202614 0.267578125 0.05065359477124183 0.0703125
0 0.7630718954248367 0.37109375 0.049019607843137254 0.078125
0 0.803921568627451 0.35546875 0.058823529411764705 0.07421875
0 0.25571895424836605 0.64453125 0.08333333333333334 0.1015625
0 0.23447712418300654 0.818359375 0.08660130718954248 0.1171875
0 0.25163398692810457 0.94921875 0.0784313725490196 0.09375
0 0.3619281045751634 0.8955078125 0.07352941176470588 0.099609375
0 0.4076797385620915 0.8515625 0.07026143790849673 0.08203125
0 0.5375816993464052 0.79296875 0.06209150326797386 0.08203125
