0 0.23366013071895425 0.7724609375 0.0784313725490196 0.099609375
0 0.021241830065359478 0.8515625 0.0392156862745098 0.09765625
0 0.32679738562091504 0.7080078125 0.05228758169934641 0.064453125
0 0.4632352941176471 0.8662109375 0.06372549019607843 0.060546875
0 0.309640522875817 0.5419921875 0.07352941176470588 0.099609375
0 0.4901960784313726 0.578125 0.07189542483660132 0.10546875
0 0.673202614379085 0.8125 0.06862745098039216 0.0859375
0 0.7058823529411765 0.7841796875 0.06535947712418301 0.111328125
0 0.7810457516339869 0.8837890625 0.06535947712418301 0.080078125
0 0.8333333333333334 0.888671875 0.06862745098039216 0.10546875
0 0.8374183006535948 0.6630859375 0.08006535947712419 0.119140625
0 0.8946078431372549 0.283203125 0.06372549019607843 0.0859375
0 0.9665032679738562 0.1650390625 0.057189542483660136 0.083984375
