0 0.0784313725490196 0.037109375 0.07189542483660132 0.0703125
0 0.021241830065359478 0.3525390625 0.0392156862745098 0.107421875
0 0.07352941176470588 0.794921875 0.11437908496732027 0.14453125
0 0.24673202614379086 0.5888671875 0.11437908496732027 0.130859375
0 0.26633986928104575 0.51171875 0.10457516339869281 0.1328125
0 0.34558823529411764 0.2275390625 0.06699346405228758 0.076171875
0 0.43790849673202614 0.0439453125 0.08823529411764706 0.083984375
0 0.4934640522875817 0.0458984375 0.07189542483660132 0.087890625
0 0.5604575163398693 0.2216796875 0.06862745098039216 0.111328125
0 0.5261437908496732 0.7119140625 0.07189542483660132 0.107421875
0 0.5980392156862745 0.9169921875 0.09477124183006536 0.123046875
0 0.8316993464052288 0.7998046875 0.08823529411764706 0.123046875
0 0.7271241830065359 0.2099609375 0.08496732026143791 0.134765625
0 0.7728758169934641 0.30859375 0.10130718954248366 0.12890625
0 0.8725490196078431 0.4033203125 0.09150326797385622 0.111328125
0 0.8733660130718954 0.3232421875 0.08986928104575163 0.119140625
0 0.869281045751634 0.1220703125 0.07189542483660132 0.123046875
0 0.9109477124183006 0.2314453125 0.08660130718954248 0.119140625
0 0.9419934640522876 0.1455078125 0.09313725490196079 0.130859375
