0 0.2687908496732026 0.4619140625 0.08333333333333334 0.115234375
0 0.049836601307189546 0.90625 0.09640522875816994 0.15625
0 0.06045751633986928 0.955078125 0.09803921568627451 0.08984375
0 0.38562091503267976 0.9150390625 0.10784313725490197 0.150390625
0 0.47303921568627455 0.94140625 0.10620915032679738 0.1171875
0 0.47303921568627455 0.8515625 0.08333333333333334 0.09375
0 0.5931372549019608 0.91015625 0.08169934640522876 0.12890625
0 0.4428104575163399 0.53515625 0.08823529411764706 0.11328125
0 0.49101307189542487 0.5849609375 0.09640522875816994 0.126953125
0 0.4812091503267974 0.4404296875 0.09967320261437909 0.134765625
0 0.6094771241830066 0.5009765625 0.09477124183006536 0.138671875
0 0.5816993464052288 0.7109375 0.09803921568627451 0.1328125
0 0.6683006535947713 0.71875 0.08823529411764706 0.140625
0 0.7434640522875817 0.5107421875 0.09477124183006536 0.142578125
0 0.7892156862745098 0.42578125 0.06535947712418301 0.10546875
