0 0.27450980392156865 0.4697265625 0.09803921568627451 0.123046875
0 0.18627450980392157 0.5185546875 0.058823529411764705 0.072265625
0 0.09640522875816994 0.5888671875 0.058823529411764705 0.076171875
0 0.13562091503267976 0.646484375 0.05555555555555556 0.0703125
0 0.4673202614379085 0.44921875 0.08496732026143791 0.12890625
0 0.3790849673202614 0.61328125 0.09803921568627451 0.11328125
0 0.6650326797385621 0.1328125 0.06862745098039216 0.09375
0 0.625 0.048828125 0.06045751633986928 0.078125
0 0.5857843137254902 0.55078125 0.05065359477124183 0.07421875
0 0.6486928104575164 0.603515625 0.049019607843137254 0.0625
0 0.6176470588235294 0.626953125 0.05228758169934641 0.0703125
0 0.5931372549019608 0.6640625 0.042483660130718956 0.05859375
0 0.9052287581699346 0.568359375 0.08169934640522876 0.125
0 0.9575163398692811 0.7529296875 0.08496732026143791 0.134765625
