0 0.29248366013071897 0.0556640625 0.07516339869281045 0.107421875
0 0.2042483660130719 0.13671875 0.08169934640522876 0.09375
0 0.19607843137254902 0.23046875 0.09477124183006536 0.109375
0 0.21160130718954248 0.3623046875 0.08333333333333334 0.115234375
0 0.21160130718954248 0.4404296875 0.08660130718954248 0.083984375
0 0.3161764705882353 0.3076171875 0.06372549019607843 0.087890625
0 0.47303921568627455 0.2353515625 0.06699346405228758 0.091796875
0 0.40931372549019607 0.0859375 0.06045751633986928 0.08984375
0 0.47794117647058826 0.33203125 0.07352941176470588 0.10546875
0 0.5081699346405228 0.8095703125 0.06209150326797386 0.091796875
0 0.5522875816993464 0.8681640625 0.06535947712418301 0.083984375
0 0.821078431372549 0.4794921875 0.08660130718954248 0.107421875
0 0.8717320261437909 0.7314453125 0.057189542483660136 0.091796875
0 0.982843137254902 0.275390625 0.03431372549019608 0.1171875
0 0.9722222222222222 0.1015625 0.05555555555555556 0.08203125
