0 0.10866013071895425 0.5673828125 0.08006535947712419 0.123046875
0 0.19362745098039216 0.5556640625 0.08006535947712419 0.126953125
0 0.2450980392156863 0.4833984375 0.07516339869281045 0.130859375
0 0.286764705882353 0.4208984375 0.09640522875816994 0.130859375
0 0.2908496732026144 0.55078125 0.09150326797385622 0.12890625
0 0.19281045751633988 0.0400390625 0.07189542483660132 0.076171875
0 0.7459150326797386 0.283203125 0.08006535947712419 0.125
0 0.7908496732026145 0.2158203125 0.0784313725490196 0.115234375
0 0.8954248366013072 0.20703125 0.0784313725490196 0.12109375
0 0.9787581699346406 0.1728515625 0.042483660130718956 0.123046875
