0 0.26552287581699346 0.1728515625 0.08333333333333334 0.099609375
0 0.11601307189542484 0.201171875 0.06862745098039216 0.1015625
0 0.4722222222222222 0.2568359375 0.10130718954248366 0.123046875
0 0.6952614379084967 0.11328125 0.08333333333333334 0.09765625
0 0.03104575163398693 0.57421875 0.04575163398692811 0.06640625
0 0.04084967320261438 0.623046875 0.042483660130718956 0.05859375
0 0.1454248366013072 0.7578125 0.05228758169934641 0.0703125
0 0.09068627450980392 0.6884765625 0.05392156862745098 0.068359375
0 0.06127450980392157 0.7822265625 0.05392156862745098 0.072265625
0 0.021241830065359478 0.8125 0.0392156862745098 0.06640625
0 0.2712418300653595 0.69140625 0.08169934640522876 0.1171875
0 0.3741830065359477 0.5498046875 0.058823529411764705 0.091796875
0 0.2426470588235294 0.86328125 0.09967320261437909 0.1328125
0 0.559640522875817 0.947265625 0.09967320261437909 0.10546875
0 0.6241830065359477 0.9267578125 0.08823529411764706 0.111328125
0 0.7549019607843137 0.9560546875 0.10457516339869281 0.087890625
0 0.8619281045751634 0.8134765625 0.10620915032679738 0.138671875
0 0.9395424836601307 0.5654296875 0.05228758169934641 0.080078125
0 0.18055555555555555 0.6474609375 0.05065359477124183 0.072265625
