0 0.1119281045751634 0.8427734375 0.07352941176470588 0.095703125
0 0.2450980392156863 0.80078125 0.11111111111111112 0.11328125
0 0.4297385620915033 0.7841796875 0.09150326797385622 0.111328125
0 0.5065359477124183 0.8251953125 0.10130718954248366 0.115234375
0 0.7875816993464052 0.5 0.08496732026143791 0.12109375
0 0.5285947712418301 0.3388671875 0.08660130718954248 0.111328125
0 0.7377450980392157 0.265625 0.05392156862745098 0.0703125
0 0.755718954248366 0.3232421875 0.04738562091503268 0.080078125
0 0.934640522875817 0.318359375 0.09477124183006536 0.109375
0 0.7696078431372549 0.146484375 0.09803921568627451 0.1171875
0 0.5800653594771242 0.1826171875 0.08496732026143791 0.103515625
0 0.5065359477124183 0.1572265625 0.07189542483660132 0.091796875
0 0.47058823529411764 0.095703125 0.09150326797385622 0.11328125
0 0.3929738562091503 0.158203125 0.08660130718954248 0.10546875
