0 0.032679738562091505 0.890625 0.06209150326797386 0.1015625
0 0.10702614379084968 0.2265625 0.08986928104575163 0.1015625
0 0.13398692810457516 0.166015625 0.08169934640522876 0.0859375
0 0.20016339869281047 0.1826171875 0.08006535947712419 0.091796875
0 0.22222222222222224 0.1201171875 0.0784313725490196 0.087890625
0 0.44689542483660133 0.3671875 0.08986928104575163 0.08984375
0 0.5122549019607844 0.3857421875 0.08333333333333334 0.095703125
0 0.44607843137254904 0.43359375 0.09150326797385622 0.08203125
0 0.6895424836601307 0.33984375 0.08169934640522876 0.11328125
0 0.6274509803921569 0.3837890625 0.0784313725490196 0.095703125
0 0.5490196078431373 0.544921875 0.04575163398692811 0.05859375
0 0.6429738562091504 0.4619140625 0.07026143790849673 0.087890625
0 0.6821895424836601 0.427734375 0.06045751633986928 0.08984375
0 0.7173202614379085 0.48828125 0.08496732026143791 0.11328125
0 0.6715686274509804 0.50390625 0.049019607843137254 0.07421875
0 0.698529411764706 0.5537109375 0.06699346405228758 0.060546875
0 0.9493464052287582 0.8876953125 0.07516339869281045 0.103515625
0 0.8545751633986929 0.2802734375 0.08169934640522876 0.115234375
0 0.8717320261437909 0.353515625 0.07352941176470588 0.07421875
0 0.875 0.404296875 0.06699346405228758 0.0703125
0 0.9714052287581699 0.2041015625 0.057189542483660136 0.103515625
0 0.8978758169934641 0.26953125 0.04738562091503268 0.09765625
0 0.4893790849673203 0.6455078125 0.05392156862745098 0.076171875
