0 0.21405228758169936 0.056640625 0.06535947712418301 0.09375
0 0.21486928104575165 0.2470703125 0.06699346405228758 0.095703125
0 0.2704248366013072 0.349609375 0.07026143790849673 0.08984375
0 0.13398692810457516 0.8203125 0.06862745098039216 0.0859375
0 0.1576797385620915 0.8642578125 0.06372549019607843 0.087890625
0 0.27532679738562094 0.9169921875 0.07679738562091504 0.087890625
0 0.22140522875816995 0.791015625 0.04738562091503268 0.06640625
0 0.4624183006535948 0.2470703125 0.09803921568627451 0.126953125
0 0.5081699346405228 0.1533203125 0.09803921568627451 0.126953125
0 0.7777777777777778 0.408203125 0.09150326797385622 0.140625
0 0.6854575163398693 0.9404296875 0.08006535947712419 0.091796875
0 0.9534313725490197 0.794921875 0.07352941176470588 0.07421875
0 0.9599673202614379 0.8291015625 0.08006535947712419 0.107421875
0 0.9534313725490197 0.4267578125 0.09313725490196079 0.126953125
