0 0.040032679738562095 0.447265625 0.07679738562091504 0.14453125
0 0.13725490196078433 0.0390625 0.10130718954248366 0.07421875
0 0.48284313725490197 0.0986328125 0.08660130718954248 0.091796875
0 0.25653594771241833 0.83203125 0.08496732026143791 0.12109375
0 0.4714052287581699 0.6767578125 0.09640522875816994 0.130859375
0 0.46977124183006536 0.75390625 0.10294117647058824 0.11328125
0 0.7320261437908497 0.7138671875 0.10784313725490197 0.130859375
0 0.6870915032679739 0.9326171875 0.10620915032679738 0.126953125
0 0.9027777777777778 0.892578125 0.08660130718954248 0.1171875
0 0.9452614379084968 0.2763671875 0.09640522875816994 0.126953125
0 0.9714052287581699 0.0986328125 0.057189542483660136 0.119140625
0 0.9387254901960784 0.046875 0.08006535947712419 0.08984375
0 0.7508169934640523 0.1708984375 0.06045751633986928 0.072265625
0 0.6348039215686274 0.193359375 0.05392156862745098 0.0703125
0 0.7818627450980392 0.6474609375 0.07679738562091504 0.064453125
