0 0.03594771241830066 0.0732421875 0.06862745098039216 0.103515625
0 0.12418300653594772 0.2001953125 0.07516339869281045 0.115234375
0 0.0727124183006536 0.2900390625 0.07352941176470588 0.107421875
0 0.43790849673202614 0.2607421875 0.07189542483660132 0.115234375
0 0.5580065359477124 0.076171875 0.07352941176470588 0.1015625
0 0.9477124183006537 0.30859375 0.07189542483660132 0.10546875
0 0.13562091503267976 0.5048828125 0.08169934640522876 0.111328125
0 0.10784313725490197 0.583984375 0.07189542483660132 0.11328125
0 0.06127450980392157 0.6796875 0.08660130718954248 0.1171875
0 0.03022875816993464 0.8955078125 0.057189542483660136 0.099609375
0 0.2361111111111111 0.833984375 0.08333333333333334 0.1171875
0 0.5179738562091504 0.7939453125 0.08496732026143791 0.119140625
0 0.5506535947712419 0.916015625 0.08496732026143791 0.11328125
0 0.5964052287581699 0.6337890625 0.07189542483660132 0.107421875
0 0.6290849673202614 0.7060546875 0.06862745098039216 0.099609375
0 0.7034313725490197 0.640625 0.08333333333333334 0.12109375
0 0.7410130718954249 0.7412109375 0.06045751633986928 0.087890625
0 0.7949346405228759 0.7197265625 0.06045751633986928 0.087890625
0 0.7573529411764706 0.8857421875 0.05392156862745098 0.080078125
