0 0.18218954248366015 0.13671875 0.07352941176470588 0.08984375
0 0.16584967320261437 0.220703125 0.08986928104575163 0.10546875
0 0.22630718954248366 0.2421875 0.08660130718954248 0.12109375
0 0.5661764705882353 0.2412109375 0.05392156862745098 0.087890625
0 0.5923202614379085 0.271484375 0.07679738562091504 0.12890625
0 0.638888888888889 0.537109375 0.09477124183006536 0.140625
0 0.6781045751633987 0.486328125 0.10784313725490197 0.140625
0 0.7091503267973857 0.380859375 0.09803921568627451 0.14453125
0 0.7655228758169935 0.4052734375 0.08660130718954248 0.134765625
0 0.8284313725490197 0.2802734375 0.10457516339869281 0.142578125
0 0.9477124183006537 0.0498046875 0.08496732026143791 0.095703125
