0 0.16176470588235295 0.359375 0.049019607843137254 0.0703125
0 0.05473856209150327 0.9541015625 0.06045751633986928 0.091796875
0 0.6486928104575164 0.408203125 0.06535947712418301 0.08203125
0 0.6576797385620915 0.44140625 0.04738562091503268 0.0703125
0 0.8774509803921569 0.880859375 0.05555555555555556 0.07421875
0 0.8709150326797386 0.3681640625 0.049019607843137254 0.087890625
0 0.821078431372549 0.330078125 0.05065359477124183 0.0703125
0 0.7908496732026145 0.2802734375 0.04575163398692811 0.076171875
0 0.7026143790849674 0.228515625 0.04575163398692811 0.0625
0 0.7050653594771242 0.2861328125 0.04411764705882353 0.076171875
