0 0.21568627450980393 0.123046875 0.06209150326797386 0.109375
0 0.09395424836601307 0.1611328125 0.03758169934640523 0.068359375
0 0.10457516339869281 0.3291015625 0.049019607843137254 0.072265625
0 0.06535947712418301 0.333984375 0.042483660130718956 0.07421875
0 0.2761437908496732 0.3427734375 0.07516339869281045 0.095703125
0 0.23692810457516342 0.373046875 0.05228758169934641 0.06640625
0 0.6413398692810458 0.162109375 0.07352941176470588 0.078125
0 0.815359477124183 0.1787109375 0.06209150326797386 0.091796875
0 0.7361111111111112 0.3671875 0.06372549019607843 0.078125
0 0.6895424836601307 0.5205078125 0.0784313725490196 0.115234375
0 0.7352941176470589 0.576171875 0.04575163398692811 0.07421875
0 0.6723856209150327 0.62109375 0.08006535947712419 0.10546875
0 0.7075163398692811 0.6796875 0.06209150326797386 0.09375
0 0.5367647058823529 0.6962890625 0.08660130718954248 0.111328125
0 0.3194444444444445 0.775390625 0.08660130718954248 0.1015625
0 0.2540849673202614 0.8701171875 0.07679738562091504 0.072265625
0 0.20751633986928106 0.767578125 0.08823529411764706 0.10546875
0 0.08905228758169935 0.8330078125 0.07026143790849673 0.080078125
