0 0.04656862745098039 0.3046875 0.07026143790849673 0.109375
0 0.20506535947712418 0.244140625 0.06699346405228758 0.08203125
0 0.24836601307189543 0.298828125 0.07189542483660132 0.0859375
0 0.22957516339869283 0.4033203125 0.07352941176470588 0.083984375
0 0.10784313725490197 0.4013671875 0.08496732026143791 0.115234375
0 0.24673202614379086 0.572265625 0.05228758169934641 0.078125
0 0.06944444444444445 0.671875 0.05392156862745098 0.0703125
0 0.08169934640522876 0.7587890625 0.042483660130718956 0.064453125
0 0.2303921568627451 0.623046875 0.058823529411764705 0.06640625
0 0.2957516339869281 0.611328125 0.05228758169934641 0.07421875
0 0.3643790849673203 0.6162109375 0.049019607843137254 0.068359375
0 0.7263071895424836 0.5 0.08333333333333334 0.11328125
0 0.5449346405228759 0.6298828125 0.10294117647058824 0.130859375
0 0.4877450980392157 0.7490234375 0.08986928104575163 0.123046875
0 0.45016339869281047 0.8701171875 0.08660130718954248 0.134765625
0 0.7957516339869282 0.798828125 0.09477124183006536 0.140625
0 0.8570261437908497 0.8671875 0.09313725490196079 0.140625
0 0.9011437908496732 0.84765625 0.08006535947712419 0.11328125
