0 0.38643790849673204 0.453125 0.057189542483660136 0.0859375
0 0.5155228758169935 0.7119140625 0.06699346405228758 0.072265625
0 0.4991830065359477 0.7666015625 0.06045751633986928 0.072265625
0 0.5351307189542484 0.7734375 0.04411764705882353 0.07421875
0 0.6225490196078431 0.7724609375 0.06535947712418301 0.095703125
0 0.7459150326797386 0.3779296875 0.05065359477124183 0.072265625
0 0.7875816993464052 0.271484375 0.05555555555555556 0.06640625
0 0.823529411764706 0.2890625 0.06209150326797386 0.0859375
0 0.8218954248366014 0.2138671875 0.06535947712418301 0.091796875
0 0.9117647058823529 0.30859375 0.049019607843137254 0.08203125
