0 0.05065359477124183 0.1240234375 0.06862745098039216 0.091796875
0 0.375 0.30859375 0.06372549019607843 0.0625
0 0.032679738562091505 0.6025390625 0.06209150326797386 0.103515625
0 0.05310457516339869 0.857421875 0.08986928104575163 0.12109375
0 0.2720588235294118 0.8798828125 0.08333333333333334 0.103515625
0 0.37254901960784315 0.703125 0.07516339869281045 0.09765625
0 0.4550653594771242 0.7412109375 0.05392156862745098 0.068359375
0 0.7753267973856209 0.8349609375 0.08333333333333334 0.138671875
0 0.9428104575163399 0.8642578125 0.08823529411764706 0.119140625
0 0.9754901960784313 0.0380859375 0.049019607843137254 0.072265625
