0 0.03104575163398693 0.185546875 0.04575163398692811 0.0703125
0 0.057189542483660136 0.220703125 0.05228758169934641 0.06640625
0 0.024509803921568627 0.28125 0.04575163398692811 0.06640625
0 0.3178104575163399 0.5869140625 0.08006535947712419 0.123046875
0 0.1772875816993464 0.6787109375 0.08986928104575163 0.126953125
0 0.18872549019607843 0.7724609375 0.09313725490196079 0.107421875
0 0.14705882352941177 0.861328125 0.07189542483660132 0.10546875
0 0.1895424836601307 0.8798828125 0.06862745098039216 0.111328125
0 0.35784313725490197 0.9580078125 0.07516339869281045 0.083984375
0 0.5759803921568628 0.716796875 0.07352941176470588 0.11328125
0 0.47875816993464054 0.5224609375 0.08169934640522876 0.107421875
0 0.5253267973856209 0.4814453125 0.06372549019607843 0.103515625
0 0.7017973856209151 0.322265625 0.08986928104575163 0.1171875
0 0.7148692810457516 0.435546875 0.07352941176470588 0.09375
0 0.7524509803921569 0.50390625 0.08333333333333334 0.09765625
0 0.7320261437908497 0.580078125 0.08496732026143791 0.1015625
