0 0.07598039215686275 0.2607421875 0.07679738562091504 0.068359375
0 0.21323529411764708 0.43359375 0.09640522875816994 0.12890625
0 0.1895424836601307 0.6953125 0.09150326797385622 0.12109375
0 0.12173202614379085 0.8330078125 0.08660130718954248 0.115234375
0 0.10784313725490197 0.9716796875 0.06862745098039216 0.056640625
0 0.36356209150326796 0.78515625 0.07679738562091504 0.1015625
0 0.3055555555555556 0.880859375 0.08823529411764706 0.125
0 0.4893790849673203 0.609375 0.08660130718954248 0.125
0 0.5612745098039216 0.59375 0.08006535947712419 0.12109375
0 0.7369281045751634 0.7509765625 0.0784313725490196 0.130859375
0 0.6691176470588236 0.810546875 0.08986928104575163 0.12109375
0 0.5334967320261438 0.8984375 0.09967320261437909 0.125
0 0.8848039215686275 0.708984375 0.07352941176470588 0.09375
0 0.8823529411764706 0.6337890625 0.05555555555555556 0.091796875
