0 0.28022875816993464 0.4287109375 0.05392156862745098 0.064453125
0 0.16993464052287582 0.59765625 0.05228758169934641 0.07421875
0 0.513888888888889 0.8701171875 0.08660130718954248 0.099609375
0 0.6601307189542484 0.7041015625 0.09477124183006536 0.099609375
0 0.7810457516339869 0.6767578125 0.07516339869281045 0.099609375
0 0.42647058823529416 0.103515625 0.05555555555555556 0.0625
0 0.579248366013072 0.1953125 0.07026143790849673 0.08984375
0 0.6805555555555556 0.1943359375 0.08333333333333334 0.072265625
0 0.5890522875816994 0.2978515625 0.05392156862745098 0.080078125
0 0.6315359477124183 0.3076171875 0.04738562091503268 0.083984375
0 0.6740196078431373 0.26171875 0.06699346405228758 0.07421875
