0 0.4991830065359477 0.203125 0.07679738562091504 0.1015625
0 0.29248366013071897 0.4189453125 0.07189542483660132 0.095703125
0 0.22058823529411764 0.416015625 0.08169934640522876 0.11328125
0 0.17320261437908496 0.4365234375 0.06862745098039216 0.103515625
0 0.12745098039215685 0.4482421875 0.058823529411764705 0.087890625
0 0.5555555555555556 0.1962890625 0.07516339869281045 0.107421875
0 0.7279411764705882 0.14453125 0.06372549019607843 0.09765625
0 0.6944444444444444 0.1708984375 0.07189542483660132 0.103515625
0 0.6372549019607844 0.28125 0.07516339869281045 0.11328125
0 0.7066993464052288 0.884765625 0.07679738562091504 0.125
0 0.6977124183006537 0.2666015625 0.049019607843137254 0.064453125
0 0.7222222222222222 0.2939453125 0.042483660130718956 0.064453125
0 0.7712418300653595 0.30078125 0.06862745098039216 0.09375
0 0.8022875816993464 0.2578125 0.04575163398692811 0.06640625
0 0.9411764705882353 0.3681640625 0.042483660130718956 0.072265625
