0 0.17238562091503268 0.8896484375 0.05392156862745098 0.099609375
0 0.21323529411764708 0.8837890625 0.08006535947712419 0.107421875
0 0.4387254901960784 0.6396484375 0.07352941176470588 0.111328125
0 0.49101307189542487 0.6201171875 0.057189542483660136 0.103515625
0 0.5155228758169935 0.44140625 0.08333333333333334 0.109375
0 0.5343137254901961 0.2431640625 0.07516339869281045 0.095703125
0 0.6184640522875817 0.47265625 0.07352941176470588 0.09375
0 0.7222222222222222 0.685546875 0.07189542483660132 0.1171875
0 0.6609477124183006 0.7197265625 0.07352941176470588 0.111328125
0 0.6151960784313726 0.78515625 0.06699346405228758 0.08984375
0 0.6821895424836601 0.826171875 0.07679738562091504 0.1015625
0 0.9338235294117647 0.447265625 0.07026143790849673 0.10546875
