0 0.28513071895424835 0.1923828125 0.07026143790849673 0.111328125
0 0.33905228758169936 0.1689453125 0.07026143790849673 0.095703125
0 0.5081699346405228 0.0517578125 0.07516339869281045 0.099609375
0 0.5367647058823529 0.12109375 0.08006535947712419 0.125
0 0.49836601307189543 0.3251953125 0.06535947712418301 0.099609375
0 0.5612745098039216 0.296875 0.07352941176470588 0.109375
0 0.6013071895424836 0.3564453125 0.07516339869281045 0.103515625
0 0.5849673202614379 0.4892578125 0.08496732026143791 0.111328125
0 0.7295751633986929 0.1005859375 0.06699346405228758 0.091796875
0 0.690359477124183 0.1474609375 0.07352941176470588 0.115234375
0 0.7099673202614379 0.232421875 0.07352941176470588 0.1015625
0 0.6584967320261438 0.3173828125 0.07516339869281045 0.123046875
0 0.8627450980392157 0.1103515625 0.0784313725490196 0.111328125
0 0.9297385620915033 0.083984375 0.06535947712418301 0.1171875
