0 0.02042483660130719 0.4833984375 0.03758169934640523 0.083984375
0 0.018790849673202614 0.302734375 0.03431372549019608 0.11328125
0 0.06781045751633988 0.318359375 0.07026143790849673 0.10546875
0 0.12173202614379085 0.2763671875 0.08006535947712419 0.099609375
0 0.22140522875816995 0.1103515625 0.06699346405228758 0.083984375
0 0.48284313725490197 0.052734375 0.07679738562091504 0.08203125
0 0.6037581699346405 0.2080078125 0.08333333333333334 0.103515625
0 0.7687908496732027 0.1123046875 0.09313725490196079 0.115234375
0 0.8651960784313726 0.2412109375 0.057189542483660136 0.087890625
0 0.9158496732026145 0.212890625 0.09313725490196079 0.12890625
0 0.47794117647058826 0.4873046875 0.10947712418300654 0.146484375
0 0.2818627450980392 0.5263671875 0.06045751633986928 0.080078125
0 0.34477124183006536 0.5615234375 0.058823529411764705 0.068359375
0 0.21323529411764708 0.6875 0.07026143790849673 0.09375
0 0.10049019607843138 0.669921875 0.06372549019607843 0.08984375
0 0.14052287581699346 0.68359375 0.058823529411764705 0.0859375
0 0.5359477124183006 0.6279296875 0.05555555555555556 0.076171875
0 0.5955882352941176 0.6005859375 0.05392156862745098 0.076171875
0 0.5931372549019608 0.50390625 0.05228758169934641 0.0703125
0 0.6217320261437909 0.5185546875 0.05392156862745098 0.060546875
0 0.6544117647058824 0.5927734375 0.09313725490196079 0.130859375
0 0.7508169934640523 0.6787109375 0.08986928104575163 0.130859375
0 0.9787581699346406 0.7041015625 0.042483660130718956 0.150390625
0 0.5702614379084967 0.32421875 0.09150326797385622 0.11328125
