0 0.16993464052287582 0.197265625 0.05228758169934641 0.0703125
0 0.07107843137254902 0.47265625 0.04411764705882353 0.06640625
0 0.16013071895424838 0.6875 0.05555555555555556 0.0703125
0 0.16748366013071897 0.8271484375 0.05065359477124183 0.072265625
0 0.17320261437908496 0.8876953125 0.058823529411764705 0.072265625
0 0.41830065359477125 0.869140625 0.08169934640522876 0.09375
0 0.41830065359477125 0.953125 0.08169934640522876 0.08984375
0 0.4714052287581699 0.90625 0.07679738562091504 0.09375
0 0.5555555555555556 0.421875 0.07189542483660132 0.1015625
0 0.8129084967320261 0.529296875 0.08006535947712419 0.11328125
0 0.6029411764705882 0.3359375 0.058823529411764705 0.0546875
