0 0.05555555555555556 0.4375 0.08496732026143791 0.109375
0 0.14950980392156862 0.1787109375 0.07679738562091504 0.111328125
0 0.11274509803921569 0.072265625 0.07189542483660132 0.1015625
0 0.2573529411764706 0.171875 0.08660130718954248 0.109375
0 0.5114379084967321 0.025390625 0.06535947712418301 0.046875
0 0.5253267973856209 0.18359375 0.07352941176470588 0.12109375
0 0.5866013071895425 0.1396484375 0.07516339869281045 0.126953125
0 0.6911764705882353 0.220703125 0.0784313725490196 0.12109375
0 0.744281045751634 0.263671875 0.07352941176470588 0.12109375
0 0.9640522875816994 0.1005859375 0.07189542483660132 0.119140625
