0 0.15522875816993464 0.4560546875 0.06535947712418301 0.072265625
0 0.10784313725490197 0.48828125 0.049019607843137254 0.08203125
0 0.08169934640522876 0.66015625 0.05555555555555556 0.0703125
0 0.05147058823529412 0.689453125 0.05065359477124183 0.06640625
0 0.3627450980392157 0.806640625 0.06862745098039216 0.07421875
0 0.38480392156862747 0.8427734375 0.08006535947712419 0.095703125
0 0.2042483660130719 0.9580078125 0.06535947712418301 0.083984375
0 0.5163398692810458 0.603515625 0.07189542483660132 0.1015625
0 0.5669934640522876 0.759765625 0.07516339869281045 0.09765625
0 0.9689542483660131 0.583984375 0.06209150326797386 0.1015625
0 0.9705882352941176 0.728515625 0.058823529411764705 0.09765625
0 0.8709150326797386 0.0927734375 0.07189542483660132 0.076171875
0 0.5923202614379085 0.828125 0.06699346405228758 0.078125
