0 0.08333333333333334 0.20703125 0.08823529411764706 0.11328125
0 0.23284313725490197 0.4111328125 0.08006535947712419 0.111328125
0 0.2622549019607843 0.4052734375 0.07026143790849673 0.107421875
0 0.2312091503267974 0.5615234375 0.07026143790849673 0.099609375
0 0.3137254901960784 0.6015625 0.05228758169934641 0.06640625
0 0.3570261437908497 0.6005859375 0.057189542483660136 0.072265625
0 0.5588235294117647 0.7001953125 0.09803921568627451 0.146484375
0 0.4869281045751634 0.953125 0.08496732026143791 0.08984375
0 0.6429738562091504 0.3251953125 0.07679738562091504 0.107421875
0 0.8145424836601307 0.126953125 0.06372549019607843 0.09765625
0 0.8586601307189543 0.029296875 0.07026143790849673 0.0546875
0 0.8284313725490197 0.248046875 0.07189542483660132 0.09765625
0 0.9387254901960784 0.4814453125 0.07679738562091504 0.130859375
