0 0.2361111111111111 0.576171875 0.06372549019607843 0.078125
0 0.5759803921568628 0.3203125 0.06372549019607843 0.0703125
0 0.5661764705882353 0.3671875 0.057189542483660136 0.0625
0 0.2540849673202614 0.6396484375 0.06045751633986928 0.080078125
0 0.35375816993464054 0.576171875 0.05065359477124183 0.0703125
0 0.3284313725490196 0.6181640625 0.04575163398692811 0.076171875
0 0.4820261437908497 0.638671875 0.058823529411764705 0.07421875
0 0.5228758169934641 0.6611328125 0.05228758169934641 0.076171875
0 0.5571895424836601 0.65625 0.0392156862745098 0.0703125
0 0.579248366013072 0.6064453125 0.04738562091503268 0.080078125
0 0.6176470588235294 0.62109375 0.049019607843137254 0.08203125
