0 0.3946078431372549 0.064453125 0.08986928104575163 0.10546875
0 0.5849673202614379 0.1201171875 0.09803921568627451 0.111328125
0 0.7736928104575164 0.1611328125 0.11274509803921569 0.150390625
0 0.7614379084967321 0.330078125 0.10130718954248366 0.15625
0 0.6756535947712419 0.314453125 0.09640522875816994 0.1484375
0 0.513888888888889 0.5419921875 0.08333333333333334 0.123046875
0 0.38153594771241833 0.5146484375 0.07679738562091504 0.119140625
0 0.30637254901960786 0.59765625 0.10294117647058824 0.14453125
0 0.3741830065359477 0.619140625 0.0784313725490196 0.1015625
0 0.4395424836601307 0.54296875 0.0784313725490196 0.109375
0 0.46486928104575165 0.6201171875 0.10294117647058824 0.111328125
0 0.07026143790849673 0.7158203125 0.12418300653594772 0.158203125
0 0.14460784313725492 0.7841796875 0.06045751633986928 0.072265625
0 0.21895424836601307 0.7412109375 0.12745098039215685 0.146484375
0 0.30637254901960786 0.7607421875 0.10294117647058824 0.130859375
0 0.34885620915032683 0.6943359375 0.07679738562091504 0.076171875
0 0.12418300653594772 0.939453125 0.07516339869281045 0.08203125
0 0.17483660130718956 0.9052734375 0.06862745098039216 0.076171875
0 0.29411764705882354 0.9541015625 0.07189542483660132 0.091796875
0 0.3513071895424837 0.96484375 0.06862745098039216 0.0703125
0 0.763888888888889 0.62109375 0.07026143790849673 0.12890625
0 0.7287581699346406 0.6455078125 0.08169934640522876 0.115234375
0 0.880718954248366 0.75 0.09150326797385622 0.12890625
0 0.9460784313725491 0.8271484375 0.09803921568627451 0.111328125
0 0.9248366013071896 0.904296875 0.09477124183006536 0.12890625
0 0.8611111111111112 0.9375 0.07516339869281045 0.09375
0 0.9730392156862745 0.9384765625 0.05392156862745098 0.123046875
0 0.23366013071895425 0.7314453125 0.09150326797385622 0.126953125
