0 0.25326797385620914 0.1884765625 0.049019607843137254 0.083984375
0 0.18382352941176472 0.61328125 0.07352941176470588 0.09375
0 0.4019607843137255 0.9619140625 0.07189542483660132 0.076171875
0 0.4869281045751634 0.90234375 0.0784313725490196 0.11328125
0 0.45588235294117646 0.8515625 0.08169934640522876 0.11328125
0 0.5081699346405228 0.18359375 0.07516339869281045 0.1015625
0 0.4877450980392157 0.2470703125 0.057189542483660136 0.099609375
0 0.5220588235294118 0.2978515625 0.05392156862745098 0.080078125
0 0.47303921568627455 0.341796875 0.057189542483660136 0.06640625
0 0.6086601307189543 0.2099609375 0.06045751633986928 0.095703125
0 0.5947712418300654 0.3017578125 0.06535947712418301 0.099609375
0 0.9517973856209151 0.8447265625 0.08333333333333334 0.123046875
