0 0.3243464052287582 0.23046875 0.08006535947712419 0.1015625
0 0.39133986928104575 0.23828125 0.08006535947712419 0.08203125
0 0.5857843137254902 0.25 0.07352941176470588 0.09375
0 0.619281045751634 0.3388671875 0.07516339869281045 0.095703125
0 0.5416666666666666 0.384765625 0.08660130718954248 0.109375
0 0.9321895424836601 0.04296875 0.07352941176470588 0.078125
0 0.9019607843137255 0.4228515625 0.06209150326797386 0.091796875
0 0.8366013071895425 0.4296875 0.08169934640522876 0.10546875
0 0.7459150326797386 0.4052734375 0.08006535947712419 0.095703125
0 0.696078431372549 0.4990234375 0.06535947712418301 0.080078125
0 0.7336601307189543 0.482421875 0.06535947712418301 0.08984375
0 0.7565359477124183 0.525390625 0.04575163398692811 0.0703125
0 0.7214052287581699 0.5712890625 0.08660130718954248 0.095703125
0 0.7140522875816994 0.6640625 0.08169934640522876 0.09375
0 0.6282679738562091 0.703125 0.08333333333333334 0.08984375
0 0.7532679738562091 0.912109375 0.09803921568627451 0.109375
0 0.8700980392156863 0.8251953125 0.06699346405228758 0.091796875
0 0.8349673202614379 0.546875 0.06862745098039216 0.0703125
