0 0.22222222222222224 0.0771484375 0.05228758169934641 0.072265625
0 0.3684640522875817 0.046875 0.057189542483660136 0.078125
0 0.1576797385620915 0.59765625 0.09313725490196079 0.12890625
0 0.18382352941176472 0.716796875 0.08006535947712419 0.1171875
0 0.15359477124183007 0.759765625 0.06535947712418301 0.08984375
0 0.33496732026143794 0.8564453125 0.04575163398692811 0.080078125
0 0.2949346405228758 0.91796875 0.05392156862745098 0.0703125
0 0.7393790849673203 0.5400390625 0.07679738562091504 0.107421875
0 0.7769607843137255 0.6845703125 0.08333333333333334 0.103515625
0 0.8970588235294118 0.7607421875 0.08169934640522876 0.119140625
0 0.7034313725490197 0.9453125 0.08333333333333334 0.109375
0 0.7867647058823529 0.943359375 0.07026143790849673 0.11328125
