0 0.02042483660130719 0.560546875 0.03758169934640523 0.109375
0 0.17892156862745098 0.9716796875 0.07679738562091504 0.056640625
0 0.03839869281045752 0.32421875 0.07352941176470588 0.0859375
0 0.05392156862745098 0.2919921875 0.0784313725490196 0.076171875
0 0.3946078431372549 0.2412109375 0.07679738562091504 0.111328125
0 0.4011437908496732 0.060546875 0.09313725490196079 0.1171875
0 0.5449346405228759 0.033203125 0.08660130718954248 0.0625
0 0.5678104575163399 0.0986328125 0.08333333333333334 0.103515625
0 0.5645424836601307 0.2041015625 0.08986928104575163 0.119140625
0 0.7369281045751634 0.3662109375 0.07189542483660132 0.107421875
0 0.7777777777777778 0.3740234375 0.06209150326797386 0.107421875
0 0.7140522875816994 0.09375 0.07516339869281045 0.11328125
0 0.7696078431372549 0.0458984375 0.09477124183006536 0.087890625
0 0.8537581699346406 0.109375 0.08660130718954248 0.125
