0 0.4338235294117647 0.15625 0.06372549019607843 0.08203125
0 0.4411764705882353 0.2109375 0.0784313725490196 0.08203125
0 0.33415032679738566 0.744140625 0.04738562091503268 0.0625
0 0.27941176470588236 0.861328125 0.06862745098039216 0.0703125
0 0.5081699346405228 0.587890625 0.05228758169934641 0.0703125
0 0.6683006535947713 0.435546875 0.0784313725490196 0.09375
0 0.6666666666666667 0.5009765625 0.0784313725490196 0.087890625
0 0.6127450980392157 0.587890625 0.05228758169934641 0.078125
0 0.6633986928104575 0.60546875 0.05555555555555556 0.08203125
0 0.7900326797385621 0.4697265625 0.08660130718954248 0.095703125
0 0.8259803921568628 0.4169921875 0.08986928104575163 0.107421875
