0 0.08333333333333334 0.29296875 0.06209150326797386 0.0859375
0 0.12173202614379085 0.06640625 0.07026143790849673 0.08203125
0 0.119281045751634 0.119140625 0.05555555555555556 0.05859375
0 0.06781045751633988 0.05078125 0.057189542483660136 0.078125
0 0.06944444444444445 0.10546875 0.04738562091503268 0.0703125
0 0.0196078431372549 0.4521484375 0.03594771241830066 0.072265625
0 0.3619281045751634 0.4453125 0.06699346405228758 0.09375
0 0.5506535947712419 0.62109375 0.08169934640522876 0.12109375
0 0.4934640522875817 0.73046875 0.05228758169934641 0.08203125
0 0.7189542483660131 0.9052734375 0.08169934640522876 0.111328125
0 0.7908496732026145 0.775390625 0.10130718954248366 0.12109375
0 0.7949346405228759 0.42578125 0.06372549019607843 0.09375
0 0.9109477124183006 0.4580078125 0.04738562091503268 0.068359375
0 0.948529411764706 0.4990234375 0.08006535947712419 0.099609375
0 0.8913398692810458 0.57421875 0.06045751633986928 0.09375
0 0.9575163398692811 0.6298828125 0.06209150326797386 0.091796875
0 0.9313725490196079 0.8349609375 0.06209150326797386 0.087890625
