0 0.1119281045751634 0.1875 0.07679738562091504 0.09375
0 0.06535947712418301 0.2763671875 0.06535947712418301 0.095703125
0 0.2589869281045752 0.1806640625 0.05065359477124183 0.076171875
0 0.21977124183006536 0.3173828125 0.06372549019607843 0.080078125
0 0.16584967320261437 0.2724609375 0.03758169934640523 0.048828125
0 0.16748366013071897 0.3251953125 0.05392156862745098 0.064453125
0 0.10049019607843138 0.41015625 0.05065359477124183 0.0625
0 0.12254901960784315 0.4384765625 0.042483660130718956 0.060546875
0 0.15441176470588236 0.4921875 0.05392156862745098 0.05859375
0 0.15522875816993464 0.45703125 0.04575163398692811 0.05078125
0 0.41748366013071897 0.51171875 0.057189542483660136 0.06640625
0 0.4428104575163399 0.5830078125 0.058823529411764705 0.068359375
0 0.4305555555555556 0.65625 0.05392156862745098 0.05859375
0 0.5245098039215687 0.47265625 0.049019607843137254 0.05859375
0 0.6094771241830066 0.4521484375 0.049019607843137254 0.052734375
0 0.607843137254902 0.3955078125 0.06209150326797386 0.060546875
0 0.7949346405228759 0.2685546875 0.10294117647058824 0.103515625
0 0.8643790849673203 0.158203125 0.0784313725490196 0.09765625
