0 0.22794117647058823 0.0537109375 0.11274509803921569 0.103515625
0 0.14787581699346405 0.125 0.09640522875816994 0.13671875
0 0.040032679738562095 0.1484375 0.07679738562091504 0.14453125
0 0.10212418300653595 0.2392578125 0.08333333333333334 0.134765625
0 0.08333333333333334 0.2763671875 0.10457516339869281 0.134765625
0 0.23284313725490197 0.2724609375 0.06699346405228758 0.119140625
0 0.19526143790849673 0.3037109375 0.09313725490196079 0.142578125
0 0.4550653594771242 0.2626953125 0.06699346405228758 0.146484375
0 0.7483660130718954 0.0712890625 0.04575163398692811 0.119140625
0 0.45669934640522875 0.4501953125 0.06372549019607843 0.099609375
0 0.37663398692810457 0.4775390625 0.08333333333333334 0.134765625
0 0.42728758169934644 0.5107421875 0.08986928104575163 0.138671875
