0 0.19035947712418302 0.2216796875 0.07026143790849673 0.103515625
0 0.3088235294117647 0.412109375 0.049019607843137254 0.09765625
0 0.184640522875817 0.564453125 0.06535947712418301 0.08984375
0 0.17973856209150327 0.6279296875 0.049019607843137254 0.076171875
0 0.286764705882353 0.8427734375 0.09313725490196079 0.119140625
0 0.31699346405228757 0.6044921875 0.0784313725490196 0.099609375
0 0.571078431372549 0.6201171875 0.08333333333333334 0.115234375
0 0.5204248366013072 0.7216796875 0.07026143790849673 0.115234375
0 0.6143790849673203 0.9482421875 0.09477124183006536 0.103515625
0 0.6781045751633987 0.9228515625 0.06535947712418301 0.087890625
0 0.7467320261437909 0.9541015625 0.08496732026143791 0.091796875
