0 0.1454248366013072 0.162109375 0.06209150326797386 0.06640625
0 0.21405228758169936 0.3203125 0.06862745098039216 0.09765625
0 0.2712418300653595 0.28125 0.06862745098039216 0.0859375
0 0.30718954248366015 0.3515625 0.07189542483660132 0.09375
0 0.21977124183006536 0.4638671875 0.057189542483660136 0.083984375
0 0.2573529411764706 0.4931640625 0.06372549019607843 0.076171875
0 0.07352941176470588 0.6953125 0.058823529411764705 0.078125
0 0.1519607843137255 0.703125 0.07189542483660132 0.08203125
0 0.15522875816993464 0.7763671875 0.06209150326797386 0.080078125
0 0.16258169934640523 0.8310546875 0.07352941176470588 0.068359375
0 0.23692810457516342 0.87890625 0.06209150326797386 0.0859375
0 0.28839869281045755 0.8603515625 0.06045751633986928 0.095703125
0 0.32598039215686275 0.853515625 0.06372549019607843 0.0859375
0 0.29901960784313725 0.7177734375 0.06535947712418301 0.068359375
0 0.3513071895424837 0.7314453125 0.07189542483660132 0.083984375
0 0.41421568627450983 0.8671875 0.08006535947712419 0.10546875
0 0.5147058823529412 0.8505859375 0.0784313725490196 0.103515625
0 0.4436274509803922 0.6328125 0.08660130718954248 0.09375
0 0.36764705882352944 0.30078125 0.08496732026143791 0.08984375
0 0.38562091503267976 0.3720703125 0.0784313725490196 0.099609375
0 0.41911764705882354 0.4384765625 0.07026143790849673 0.099609375
0 0.5588235294117647 0.4208984375 0.08169934640522876 0.099609375
0 0.6266339869281046 0.408203125 0.07679738562091504 0.11328125
0 0.5449346405228759 0.6728515625 0.08333333333333334 0.107421875
0 0.6062091503267975 0.7373046875 0.09150326797385622 0.111328125
0 0.6707516339869282 0.791015625 0.09640522875816994 0.109375
0 0.823529411764706 0.7041015625 0.08823529411764706 0.119140625
0 0.8929738562091504 0.7412109375 0.08986928104575163 0.107421875
0 0.948529411764706 0.7265625 0.07026143790849673 0.08203125
0 0.9607843137254902 0.810546875 0.0784313725490196 0.10546875
0 0.9191176470588236 0.9423828125 0.10294117647058824 0.115234375
