0 0.03431372549019608 0.0380859375 0.06535947712418301 0.072265625
0 0.1715686274509804 0.4599609375 0.07516339869281045 0.119140625
0 0.11764705882352941 0.435546875 0.06862745098039216 0.10546875
0 0.16993464052287582 0.3544921875 0.06535947712418301 0.107421875
0 0.22303921568627452 0.279296875 0.08006535947712419 0.109375
0 0.22712418300653595 0.2109375 0.08496732026143791 0.07421875
0 0.31290849673202614 0.2734375 0.07352941176470588 0.1171875
0 0.39869281045751637 0.208984375 0.07189542483660132 0.10546875
0 0.7957516339869282 0.1025390625 0.0784313725490196 0.119140625
0 0.8464052287581699 0.1708984375 0.0784313725490196 0.103515625
0 0.9730392156862745 0.345703125 0.05392156862745098 0.1015625
0 0.9468954248366014 0.3388671875 0.06699346405228758 0.107421875
