0 0.20016339869281047 0.326171875 0.06372549019607843 0.078125
0 0.06535947712418301 0.8740234375 0.09150326797385622 0.146484375
0 0.10866013071895425 0.9482421875 0.09640522875816994 0.099609375
0 0.1968954248366013 0.962890625 0.08333333333333334 0.07421875
0 0.2720588235294118 0.779296875 0.08986928104575163 0.1328125
0 0.3423202614379085 0.837890625 0.09967320261437909 0.13671875
0 0.43300653594771243 0.89453125 0.09150326797385622 0.1328125
0 0.5 0.939453125 0.06862745098039216 0.109375
0 0.46486928104575165 0.9638671875 0.08986928104575163 0.072265625
0 0.6405228758169935 0.8154296875 0.08496732026143791 0.123046875
0 0.7165032679738562 0.8251953125 0.08660130718954248 0.111328125
0 0.6879084967320261 0.8759765625 0.09477124183006536 0.130859375
0 0.8006535947712419 0.779296875 0.07189542483660132 0.1015625
0 0.8684640522875817 0.8134765625 0.08006535947712419 0.087890625
0 0.8284313725490197 0.8515625 0.058823529411764705 0.09765625
0 0.8815359477124183 0.8681640625 0.08660130718954248 0.107421875
0 0.9321895424836601 0.80078125 0.08006535947712419 0.11328125
0 0.9763071895424837 0.5185546875 0.04738562091503268 0.091796875
0 0.9746732026143791 0.568359375 0.05065359477124183 0.09375
