0 0.14705882352941177 0.2392578125 0.049019607843137254 0.068359375
0 0.33905228758169936 0.025390625 0.07352941176470588 0.046875
0 0.27941176470588236 0.2197265625 0.08169934640522876 0.115234375
0 0.5130718954248367 0.08203125 0.0784313725490196 0.109375
0 0.7516339869281046 0.1513671875 0.058823529411764705 0.083984375
0 0.6993464052287582 0.15625 0.058823529411764705 0.07421875
0 0.7532679738562091 0.3330078125 0.07189542483660132 0.087890625
0 0.7050653594771242 0.2548828125 0.07679738562091504 0.103515625
0 0.6446078431372549 0.2587890625 0.07352941176470588 0.115234375
0 0.6887254901960784 0.29296875 0.06045751633986928 0.05859375
0 0.4019607843137255 0.3212890625 0.06862745098039216 0.099609375
0 0.4607843137254902 0.3115234375 0.06209150326797386 0.087890625
0 0.5114379084967321 0.44921875 0.06862745098039216 0.08203125
0 0.22794117647058823 0.6376953125 0.04738562091503268 0.072265625
0 0.35294117647058826 0.6904296875 0.05228758169934641 0.076171875
0 0.3382352941176471 0.7314453125 0.042483660130718956 0.064453125
0 0.38643790849673204 0.7353515625 0.03104575163398693 0.052734375
0 0.37826797385620914 0.7802734375 0.03758169934640523 0.060546875
0 0.20506535947712418 0.8154296875 0.04411764705882353 0.056640625
0 0.20261437908496732 0.8583984375 0.03594771241830066 0.044921875
0 0.2107843137254902 0.9208984375 0.04575163398692811 0.064453125
0 0.2761437908496732 0.8857421875 0.05228758169934641 0.064453125
0 0.2957516339869281 0.91015625 0.03594771241830066 0.06640625
0 0.33169934640522875 0.9267578125 0.0392156862745098 0.060546875
0 0.33415032679738566 0.8642578125 0.04738562091503268 0.072265625
0 0.37173202614379086 0.8310546875 0.05065359477124183 0.064453125
0 0.6037581699346405 0.5126953125 0.08986928104575163 0.107421875
0 0.6225490196078431 0.5947265625 0.0784313725490196 0.107421875
0 0.6274509803921569 0.810546875 0.05555555555555556 0.06640625
0 0.630718954248366 0.859375 0.06209150326797386 0.0703125
0 0.5964052287581699 0.962890625 0.06209150326797386 0.07421875
0 0.6519607843137255 0.4697265625 0.04575163398692811 0.060546875
0 0.6797385620915033 0.462890625 0.042483660130718956 0.06640625
0 0.7034313725490197 0.54296875 0.06045751633986928 0.078125
0 0.7450980392156863 0.6259765625 0.05555555555555556 0.072265625
0 0.763888888888889 0.681640625 0.057189542483660136 0.0703125
0 0.7736928104575164 0.7236328125 0.05392156862745098 0.060546875
