0 0.2034313725490196 0.1552734375 0.04738562091503268 0.064453125
0 0.3055555555555556 0.1240234375 0.05555555555555556 0.072265625
0 0.303921568627451 0.1728515625 0.06209150326797386 0.083984375
0 0.3415032679738562 0.2080078125 0.058823529411764705 0.080078125
0 0.3839869281045752 0.087890625 0.05228758169934641 0.07421875
0 0.4215686274509804 0.1162109375 0.049019607843137254 0.068359375
0 0.4542483660130719 0.0888671875 0.04575163398692811 0.072265625
0 0.06699346405228758 0.7236328125 0.05555555555555556 0.095703125
0 0.022058823529411766 0.697265625 0.04084967320261438 0.09765625
0 0.11601307189542484 0.892578125 0.07189542483660132 0.1015625
0 0.34477124183006536 0.904296875 0.07516339869281045 0.109375
0 0.5204248366013072 0.65625 0.05392156862745098 0.06640625
0 0.5939542483660131 0.3134765625 0.05392156862745098 0.087890625
0 0.6356209150326798 0.3359375 0.06862745098039216 0.08984375
0 0.6756535947712419 0.3447265625 0.05392156862745098 0.083984375
0 0.6364379084967321 0.7861328125 0.09313725490196079 0.115234375
0 0.7034313725490197 0.904296875 0.06372549019607843 0.06640625
0 0.7165032679738562 0.9599609375 0.09313725490196079 0.080078125
0 0.8839869281045752 0.0419921875 0.05555555555555556 0.056640625
