0 0.14215686274509803 0.376953125 0.0784313725490196 0.078125
0 0.4011437908496732 0.1923828125 0.04738562091503268 0.087890625
0 0.37173202614379086 0.2197265625 0.05065359477124183 0.087890625
0 0.2826797385620915 0.4716796875 0.07516339869281045 0.115234375
0 0.22875816993464054 0.6484375 0.07516339869281045 0.0703125
0 0.1968954248366013 0.701171875 0.07352941176470588 0.06640625
0 0.29248366013071897 0.853515625 0.08169934640522876 0.109375
0 0.46977124183006536 0.7265625 0.05392156862745098 0.08203125
0 0.7246732026143791 0.8623046875 0.07352941176470588 0.099609375
0 0.7843137254901961 0.888671875 0.08169934640522876 0.125
0 0.6062091503267975 0.427734375 0.06535947712418301 0.09765625
0 0.7197712418300654 0.2236328125 0.06045751633986928 0.115234375
