0 0.15114379084967322 0.830078125 0.08006535947712419 0.1015625
0 0.11029411764705882 0.91796875 0.05065359477124183 0.0859375
0 0.1527777777777778 0.921875 0.07679738562091504 0.08984375
0 0.3897058823529412 0.970703125 0.08660130718954248 0.05859375
0 0.4207516339869281 0.54296875 0.06699346405228758 0.08984375
0 0.46405228758169936 0.62890625 0.042483660130718956 0.0703125
0 0.6715686274509804 0.94140625 0.07516339869281045 0.1015625
0 0.7508169934640523 0.966796875 0.06045751633986928 0.06640625
0 0.8627450980392157 0.869140625 0.06535947712418301 0.0859375
0 0.9019607843137255 0.9140625 0.06862745098039216 0.0859375
0 0.821078431372549 0.7197265625 0.06699346405228758 0.087890625
0 0.7614379084967321 0.6142578125 0.0392156862745098 0.068359375
0 0.8129084967320261 0.5498046875 0.06372549019607843 0.087890625
0 0.9297385620915033 0.5634765625 0.058823529411764705 0.076171875
