0 0.14624183006535948 0.1708984375 0.10620915032679738 0.134765625
0 0.0196078431372549 0.2294921875 0.03594771241830066 0.142578125
0 0.2630718954248366 0.32421875 0.08823529411764706 0.12109375
0 0.06699346405228758 0.5234375 0.07189542483660132 0.125
0 0.2107843137254902 0.5234375 0.08496732026143791 0.1171875
0 0.2630718954248366 0.6708984375 0.07189542483660132 0.107421875
0 0.41421568627450983 0.083984375 0.06699346405228758 0.1171875
0 0.619281045751634 0.2607421875 0.09477124183006536 0.134765625
0 0.6879084967320261 0.4501953125 0.09477124183006536 0.130859375
0 0.7834967320261438 0.458984375 0.10620915032679738 0.1171875
0 0.8423202614379085 0.1005859375 0.08986928104575163 0.123046875
0 0.3888888888888889 0.6875 0.04575163398692811 0.0703125
0 0.4534313725490196 0.7392578125 0.05392156862745098 0.076171875
0 0.48447712418300654 0.783203125 0.05065359477124183 0.078125
0 0.5547385620915033 0.74609375 0.06045751633986928 0.0859375
0 0.5359477124183006 0.7939453125 0.05228758169934641 0.060546875
0 0.5727124183006536 0.7802734375 0.05065359477124183 0.072265625
0 0.6053921568627452 0.7998046875 0.05065359477124183 0.056640625
0 0.625 0.8544921875 0.05065359477124183 0.083984375
0 0.667483660130719 0.8251953125 0.05392156862745098 0.064453125
0 0.6952614379084967 0.7216796875 0.04411764705882353 0.068359375
0 0.7377450980392157 0.712890625 0.05392156862745098 0.078125
0 0.7467320261437909 0.7783203125 0.058823529411764705 0.076171875
0 0.7867647058823529 0.8115234375 0.05065359477124183 0.083984375
0 0.823529411764706 0.8125 0.042483660130718956 0.07421875
0 0.7598039215686275 0.8515625 0.05228758169934641 0.07421875
