0 0.12581699346405228 0.60546875 0.06209150326797386 0.078125
0 0.2785947712418301 0.9658203125 0.06045751633986928 0.068359375
0 0.548202614379085 0.7294921875 0.06699346405228758 0.083984375
0 0.5776143790849674 0.779296875 0.06372549019607843 0.07421875
0 0.6421568627450981 0.791015625 0.06209150326797386 0.0859375
0 0.7647058823529412 0.748046875 0.0784313725490196 0.1171875
0 0.7295751633986929 0.5712890625 0.03431372549019608 0.044921875
0 0.7810457516339869 0.91015625 0.09150326797385622 0.10546875
0 0.8366013071895425 0.8974609375 0.058823529411764705 0.083984375
0 0.8472222222222222 0.970703125 0.06699346405228758 0.05859375
