0 0.19035947712418302 0.603515625 0.057189542483660136 0.08984375
0 0.46568627450980393 0.4521484375 0.05228758169934641 0.064453125
0 0.3937908496732026 0.9384765625 0.07516339869281045 0.091796875
0 0.49836601307189543 0.880859375 0.07189542483660132 0.1015625
0 0.5253267973856209 0.93359375 0.07026143790849673 0.1015625
0 0.5727124183006536 0.5146484375 0.05392156862745098 0.068359375
0 0.6102941176470589 0.4794921875 0.06699346405228758 0.111328125
0 0.6650326797385621 0.4873046875 0.06862745098039216 0.087890625
0 0.8872549019607844 0.341796875 0.06862745098039216 0.09765625
0 0.9640522875816994 0.5849609375 0.058823529411764705 0.083984375
0 0.940359477124183 0.845703125 0.06045751633986928 0.09765625
