0 0.2712418300653595 0.330078125 0.0784313725490196 0.10546875
0 0.029411764705882353 0.60546875 0.05555555555555556 0.10546875
0 0.5089869281045751 0.197265625 0.08333333333333334 0.10546875
0 0.5678104575163399 0.169921875 0.04411764705882353 0.078125
0 0.6282679738562091 0.2265625 0.06045751633986928 0.0859375
0 0.7116013071895425 0.1923828125 0.07352941176470588 0.099609375
0 0.6944444444444444 0.2451171875 0.05555555555555556 0.076171875
0 0.6282679738562091 0.2900390625 0.05065359477124183 0.056640625
0 0.6503267973856209 0.3740234375 0.07189542483660132 0.056640625
0 0.5392156862745098 0.4326171875 0.07189542483660132 0.095703125
0 0.3888888888888889 0.544921875 0.0784313725490196 0.11328125
0 0.4068627450980392 0.59375 0.06862745098039216 0.06640625
0 0.45915032679738566 0.5478515625 0.06535947712418301 0.099609375
0 0.352124183006536 0.72265625 0.06372549019607843 0.09375
0 0.17565359477124184 0.720703125 0.08333333333333334 0.1015625
0 0.20506535947712418 0.8720703125 0.07352941176470588 0.103515625
0 0.0661764705882353 0.974609375 0.08333333333333334 0.05078125
0 0.5098039215686274 0.9677734375 0.049019607843137254 0.064453125
0 0.6151960784313726 0.958984375 0.07679738562091504 0.08203125
0 0.7075163398692811 0.90234375 0.07189542483660132 0.10546875
0 0.738562091503268 0.7998046875 0.0784313725490196 0.107421875
