0 0.12091503267973856 0.265625 0.08823529411764706 0.09765625
0 0.07352941176470588 0.53125 0.08496732026143791 0.1015625
0 0.0857843137254902 0.8466796875 0.08333333333333334 0.103515625
0 0.2957516339869281 0.8154296875 0.0784313725490196 0.107421875
0 0.47875816993464054 0.83203125 0.0784313725490196 0.1015625
0 0.32189542483660133 0.6201171875 0.08823529411764706 0.111328125
0 0.613562091503268 0.9462890625 0.04738562091503268 0.060546875
0 0.6854575163398693 0.2109375 0.07679738562091504 0.1015625
0 0.7254901960784313 0.275390625 0.06862745098039216 0.09765625
0 0.7361111111111112 0.3408203125 0.07026143790849673 0.095703125
