0 0.49264705882352944 0.1572265625 0.07026143790849673 0.095703125
0 0.33333333333333337 0.638671875 0.07516339869281045 0.109375
0 0.13398692810457516 0.8291015625 0.08169934640522876 0.107421875
0 0.3962418300653595 0.5810546875 0.04738562091503268 0.068359375
0 0.4477124183006536 0.5556640625 0.04575163398692811 0.072265625
0 0.4754901960784314 0.5927734375 0.05228758169934641 0.068359375
0 0.4869281045751634 0.49609375 0.05555555555555556 0.07421875
0 0.6495098039215687 0.5107421875 0.06372549019607843 0.083984375
0 0.7140522875816994 0.5146484375 0.06535947712418301 0.095703125
0 0.6715686274509804 0.4208984375 0.05555555555555556 0.064453125
0 0.7238562091503268 0.4384765625 0.05555555555555556 0.080078125
0 0.6911764705882353 0.3662109375 0.049019607843137254 0.056640625
0 0.6772875816993464 0.2783203125 0.08006535947712419 0.091796875
0 0.7671568627450981 0.0869140625 0.08006535947712419 0.099609375
0 0.803921568627451 0.16796875 0.07189542483660132 0.109375
0 0.8398692810457516 0.193359375 0.0784313725490196 0.10546875
0 0.8897058823529412 0.064453125 0.07352941176470588 0.07421875
0 0.9599673202614379 0.056640625 0.07352941176470588 0.08984375
0 0.9558823529411765 0.150390625 0.07516339869281045 0.10546875
0 0.9428104575163399 0.1962890625 0.07189542483660132 0.083984375
