0 0.45833333333333337 0.2041015625 0.06372549019607843 0.091796875
0 0.33986928104575165 0.0595703125 0.05555555555555556 0.068359375
0 0.25980392156862747 0.4365234375 0.0784313725490196 0.130859375
0 0.7410130718954249 0.05078125 0.03431372549019608 0.0546875
0 0.7581699346405228 0.091796875 0.042483660130718956 0.05859375
0 0.42647058823529416 0.5126953125 0.049019607843137254 0.064453125
0 0.5367647058823529 0.6123046875 0.05392156862745098 0.091796875
0 0.09068627450980392 0.8671875 0.08660130718954248 0.125
0 0.25 0.755859375 0.0784313725490196 0.09375
0 0.2916666666666667 0.76953125 0.05392156862745098 0.0703125
0 0.2834967320261438 0.8154296875 0.06045751633986928 0.087890625
0 0.3374183006535948 0.83203125 0.06372549019607843 0.09765625
