0 0.10375816993464053 0.0400390625 0.08006535947712419 0.072265625
0 0.11437908496732027 0.0693359375 0.06535947712418301 0.068359375
0 0.08660130718954248 0.2978515625 0.05228758169934641 0.076171875
0 0.11846405228758171 0.822265625 0.08986928104575163 0.11328125
0 0.184640522875817 0.8583984375 0.09803921568627451 0.103515625
0 0.2508169934640523 0.91015625 0.08986928104575163 0.11328125
0 0.3276143790849673 0.8359375 0.07352941176470588 0.12109375
0 0.434640522875817 0.765625 0.058823529411764705 0.078125
0 0.7026143790849674 0.64453125 0.049019607843137254 0.0625
0 0.7606209150326798 0.6474609375 0.05065359477124183 0.064453125
0 0.8415032679738562 0.6708984375 0.06535947712418301 0.115234375
0 0.7377450980392157 0.07421875 0.08333333333333334 0.10546875
