0 0.14705882352941177 0.9541015625 0.10130718954248366 0.091796875
0 0.14379084967320263 0.859375 0.10130718954248366 0.1328125
0 0.30718954248366015 0.900390625 0.08823529411764706 0.1171875
0 0.3464052287581699 0.9755859375 0.09477124183006536 0.048828125
0 0.5571895424836601 0.9208984375 0.08169934640522876 0.107421875
0 0.5898692810457516 0.8388671875 0.0784313725490196 0.107421875
0 0.638888888888889 0.6630859375 0.08823529411764706 0.119140625
0 0.5433006535947713 0.6328125 0.08986928104575163 0.1171875
0 0.7418300653594772 0.6875 0.05228758169934641 0.08203125
0 0.17238562091503268 0.1904296875 0.057189542483660136 0.064453125
0 0.2173202614379085 0.2275390625 0.0784313725490196 0.087890625
0 0.5866013071895425 0.134765625 0.058823529411764705 0.0703125
0 0.6486928104575164 0.0849609375 0.05228758169934641 0.060546875
0 0.9763071895424837 0.1005859375 0.04738562091503268 0.103515625
