0 0.022875816993464054 0.19921875 0.042483660130718956 0.1171875
0 0.22630718954248366 0.2822265625 0.09640522875816994 0.142578125
0 0.28921568627450983 0.3232421875 0.08823529411764706 0.123046875
0 0.2965686274509804 0.5107421875 0.08660130718954248 0.130859375
0 0.05392156862745098 0.509765625 0.07516339869281045 0.12109375
0 0.16339869281045752 0.5869140625 0.09477124183006536 0.123046875
0 0.10947712418300654 0.5986328125 0.06862745098039216 0.115234375
0 0.17401960784313725 0.69140625 0.09640522875816994 0.125
0 0.32026143790849676 0.8779296875 0.0784313725490196 0.115234375
0 0.07189542483660132 0.966796875 0.10457516339869281 0.06640625
0 0.5343137254901961 0.9365234375 0.08823529411764706 0.119140625
0 0.5065359477124183 0.771484375 0.08496732026143791 0.1328125
0 0.6282679738562091 0.732421875 0.08333333333333334 0.12890625
0 0.6258169934640523 0.619140625 0.08823529411764706 0.125
0 0.8464052287581699 0.0751953125 0.07189542483660132 0.107421875
