0 0.27941176470588236 0.6533203125 0.07189542483660132 0.083984375
0 0.6495098039215687 0.3447265625 0.07026143790849673 0.087890625
0 0.43300653594771243 0.6669921875 0.05555555555555556 0.083984375
0 0.3790849673202614 0.7841796875 0.058823529411764705 0.095703125
0 0.41258169934640526 0.796875 0.05392156862745098 0.08203125
0 0.5285947712418301 0.72265625 0.057189542483660136 0.1171875
0 0.5449346405228759 0.81640625 0.08333333333333334 0.12109375
0 0.505718954248366 0.890625 0.08986928104575163 0.12109375
0 0.5964052287581699 0.8818359375 0.09477124183006536 0.130859375
0 0.763888888888889 0.7158203125 0.08986928104575163 0.107421875
0 0.7679738562091504 0.888671875 0.06209150326797386 0.08203125
0 0.9444444444444444 0.9365234375 0.05228758169934641 0.072265625
