0 0.3504901960784314 0.240234375 0.09967320261437909 0.11328125
0 0.5645424836601307 0.1435546875 0.07352941176470588 0.083984375
0 0.6952614379084967 0.2626953125 0.08333333333333334 0.099609375
0 0.4722222222222222 0.4453125 0.08823529411764706 0.09375
0 0.3831699346405229 0.4423828125 0.09640522875816994 0.099609375
0 0.23447712418300654 0.6357421875 0.08986928104575163 0.107421875
0 0.184640522875817 0.6650390625 0.06209150326797386 0.072265625
0 0.14705882352941177 0.71875 0.07516339869281045 0.08984375
0 0.286764705882353 0.6533203125 0.05065359477124183 0.072265625
0 0.23937908496732027 0.71484375 0.07026143790849673 0.09375
0 0.286764705882353 0.7666015625 0.08333333333333334 0.083984375
0 0.35294117647058826 0.841796875 0.06862745098039216 0.0703125
0 0.20915032679738563 0.86328125 0.08169934640522876 0.08203125
0 0.2361111111111111 0.8837890625 0.05065359477124183 0.068359375
0 0.28594771241830064 0.9091796875 0.08496732026143791 0.103515625
0 0.36601307189542487 0.9248046875 0.07189542483660132 0.091796875
0 0.39215686274509803 0.29296875 0.07516339869281045 0.0859375
0 0.07761437908496732 0.58203125 0.09313725490196079 0.1015625
