0 0.1315359477124183 0.205078125 0.08333333333333334 0.08984375
0 0.14133986928104575 0.28125 0.07679738562091504 0.08984375
0 0.19934640522875818 0.21484375 0.08496732026143791 0.08984375
0 0.34068627450980393 0.6474609375 0.07026143790849673 0.103515625
0 0.15522875816993464 0.8564453125 0.07516339869281045 0.087890625
0 0.14052287581699346 0.7490234375 0.058823529411764705 0.083984375
0 0.08415032679738563 0.9384765625 0.08006535947712419 0.091796875
0 0.45833333333333337 0.58203125 0.07352941176470588 0.07421875
0 0.5334967320261438 0.5390625 0.057189542483660136 0.0703125
0 0.5359477124183006 0.44921875 0.05555555555555556 0.06640625
0 0.2540849673202614 0.041015625 0.07352941176470588 0.0703125
0 0.5841503267973857 0.4384765625 0.06045751633986928 0.083984375
0 0.37745098039215685 0.2060546875 0.049019607843137254 0.064453125
0 0.6495098039215687 0.216796875 0.05392156862745098 0.0703125
0 0.6805555555555556 0.3349609375 0.06699346405228758 0.076171875
0 0.8954248366013072 0.7236328125 0.08496732026143791 0.091796875
0 0.8357843137254902 0.4541015625 0.08006535947712419 0.072265625
0 0.8717320261437909 0.3896484375 0.06699346405228758 0.083984375
0 0.9714052287581699 0.447265625 0.057189542483660136 0.0703125
0 0.9616013071895425 0.41015625 0.06372549019607843 0.07421875
0 0.9509803921568628 0.376953125 0.07516339869281045 0.08984375
0 0.8946078431372549 0.9755859375 0.06699346405228758 0.048828125
