0 0.4477124183006536 0.021484375 0.05555555555555556 0.0390625
0 0.4746732026143791 0.0458984375 0.06699346405228758 0.087890625
0 0.8080065359477124 0.212890625 0.07352941176470588 0.0859375
0 0.8169934640522876 0.2607421875 0.06535947712418301 0.072265625
0 0.35375816993464054 0.3623046875 0.057189542483660136 0.076171875
0 0.2704248366013072 0.4228515625 0.05065359477124183 0.060546875
0 0.022058823529411766 0.6181640625 0.04084967320261438 0.068359375
0 0.32107843137254904 0.44921875 0.05065359477124183 0.07421875
0 0.3684640522875817 0.4140625 0.057189542483660136 0.0703125
0 0.39869281045751637 0.3994140625 0.049019607843137254 0.072265625
0 0.43790849673202614 0.54296875 0.03594771241830066 0.0625
0 0.5351307189542484 0.4912109375 0.04084967320261438 0.056640625
0 0.8382352941176471 0.439453125 0.058823529411764705 0.08203125
0 0.8594771241830066 0.5068359375 0.058823529411764705 0.095703125
0 0.8202614379084967 0.10546875 0.058823529411764705 0.08984375
0 0.8856209150326798 0.146484375 0.049019607843137254 0.0703125
0 0.9093137254901961 0.185546875 0.06045751633986928 0.0859375
0 0.9452614379084968 0.125 0.06699346405228758 0.08984375
0 0.9763071895424837 0.08984375 0.04738562091503268 0.0859375
