0 0.6013071895424836 0.0517578125 0.0784313725490196 0.087890625
0 0.5718954248366013 0.1162109375 0.07516339869281045 0.095703125
0 0.6168300653594772 0.1806640625 0.06699346405228758 0.099609375
0 0.6772875816993464 0.2001953125 0.04738562091503268 0.095703125
0 0.7050653594771242 0.162109375 0.06045751633986928 0.08984375
0 0.755718954248366 0.2041015625 0.07352941176470588 0.107421875
0 0.8398692810457516 0.109375 0.05555555555555556 0.07421875
0 0.9338235294117647 0.1064453125 0.07026143790849673 0.087890625
0 0.8921568627450981 0.15234375 0.058823529411764705 0.0859375
0 0.948529411764706 0.162109375 0.07679738562091504 0.09375
0 0.928921568627451 0.2685546875 0.08333333333333334 0.103515625
