0 0.05473856209150327 0.2724609375 0.07352941176470588 0.095703125
0 0.07352941176470588 0.361328125 0.09803921568627451 0.11328125
0 0.10784313725490197 0.2734375 0.06535947712418301 0.08984375
0 0.19444444444444445 0.5791015625 0.09150326797385622 0.095703125
0 0.16339869281045752 0.658203125 0.09150326797385622 0.09375
0 0.08169934640522876 0.8623046875 0.0784313725490196 0.091796875
0 0.42483660130718953 0.166015625 0.05555555555555556 0.07421875
0 0.573529411764706 0.271484375 0.0784313725490196 0.1015625
0 0.2826797385620915 0.453125 0.08823529411764706 0.09765625
0 0.33986928104575165 0.478515625 0.0784313725490196 0.10546875
0 0.46405228758169936 0.4384765625 0.08823529411764706 0.107421875
0 0.565359477124183 0.5791015625 0.058823529411764705 0.087890625
0 0.46405228758169936 0.560546875 0.07189542483660132 0.09375
0 0.39950980392156865 0.5654296875 0.07352941176470588 0.095703125
0 0.3790849673202614 0.6201171875 0.06862745098039216 0.068359375
0 0.32189542483660133 0.6728515625 0.07516339869281045 0.076171875
0 0.32107843137254904 0.6005859375 0.08660130718954248 0.099609375
0 0.638888888888889 0.494140625 0.05555555555555556 0.08203125
0 0.7761437908496732 0.0625 0.06862745098039216 0.09375
0 0.8169934640522876 0.0859375 0.06209150326797386 0.07421875
0 0.7271241830065359 0.40625 0.049019607843137254 0.0546875
0 0.7573529411764706 0.431640625 0.06045751633986928 0.08203125
0 0.815359477124183 0.4794921875 0.05555555555555556 0.080078125
0 0.8194444444444444 0.5537109375 0.06699346405228758 0.080078125
0 0.5514705882352942 0.4140625 0.057189542483660136 0.08984375
0 0.9223856209150327 0.4599609375 0.05065359477124183 0.068359375
0 0.9133986928104575 0.7939453125 0.05228758169934641 0.060546875
