0 0.28022875816993464 0.2783203125 0.09313725490196079 0.083984375
0 0.21323529411764708 0.330078125 0.08986928104575163 0.1015625
0 0.24918300653594772 0.3564453125 0.07679738562091504 0.099609375
0 0.18709150326797386 0.4287109375 0.07679738562091504 0.111328125
0 0.6070261437908497 0.1025390625 0.08986928104575163 0.123046875
0 0.48366013071895425 0.2001953125 0.10457516339869281 0.107421875
0 0.43300653594771243 0.2294921875 0.09803921568627451 0.107421875
0 0.4575163398692811 0.298828125 0.0784313725490196 0.09765625
0 0.4223856209150327 0.3447265625 0.09640522875816994 0.111328125
0 0.9035947712418301 0.111328125 0.06209150326797386 0.08984375
0 0.9395424836601307 0.1328125 0.10130718954248366 0.12890625
0 0.9411764705882353 0.0439453125 0.06209150326797386 0.083984375
0 0.7687908496732027 0.51953125 0.08333333333333334 0.11328125
0 0.821078431372549 0.599609375 0.08660130718954248 0.125
0 0.6968954248366013 0.6259765625 0.06045751633986928 0.130859375
0 0.7401960784313726 0.6181640625 0.11111111111111112 0.126953125
