0 0.13316993464052287 0.65625 0.05392156862745098 0.07421875
0 0.0392156862745098 0.8984375 0.04575163398692811 0.08203125
0 0.07189542483660132 0.9111328125 0.049019607843137254 0.080078125
0 0.4035947712418301 0.21484375 0.07516339869281045 0.08984375
0 0.45669934640522875 0.0390625 0.05392156862745098 0.06640625
0 0.8276143790849674 0.337890625 0.08660130718954248 0.10546875
0 0.8553921568627452 0.6142578125 0.08660130718954248 0.095703125
0 0.9583333333333334 0.6044921875 0.07679738562091504 0.091796875
0 0.8112745098039216 0.7275390625 0.07026143790849673 0.083984375
0 0.7957516339869282 0.8369140625 0.058823529411764705 0.068359375
0 0.6805555555555556 0.7431640625 0.07026143790849673 0.083984375
0 0.5531045751633987 0.806640625 0.07026143790849673 0.0703125
0 0.6086601307189543 0.8525390625 0.07352941176470588 0.087890625
0 0.5776143790849674 0.8916015625 0.07026143790849673 0.095703125
0 0.5196078431372549 0.873046875 0.06535947712418301 0.0859375
