0 0.06699346405228758 0.5068359375 0.06535947712418301 0.103515625
0 0.09395424836601307 0.2919921875 0.07026143790849673 0.083984375
0 0.10620915032679738 0.3408203125 0.058823529411764705 0.072265625
0 0.20669934640522877 0.3828125 0.06045751633986928 0.08984375
0 0.24183006535947713 0.361328125 0.08496732026143791 0.0859375
0 0.2426470588235294 0.2705078125 0.07679738562091504 0.107421875
0 0.2303921568627451 0.1748046875 0.07516339869281045 0.091796875
0 0.19526143790849673 0.1875 0.06045751633986928 0.08984375
0 0.32679738562091504 0.0517578125 0.09150326797385622 0.099609375
0 0.2720588235294118 0.494140625 0.05392156862745098 0.0703125
0 0.39950980392156865 0.46875 0.07352941176470588 0.09765625
0 0.45179738562091504 0.3505859375 0.08333333333333334 0.107421875
0 0.4673202614379085 0.1875 0.08169934640522876 0.1015625
0 0.6168300653594772 0.283203125 0.04738562091503268 0.07421875
0 0.6527777777777778 0.359375 0.06372549019607843 0.078125
0 0.6519607843137255 0.4873046875 0.06535947712418301 0.083984375
0 0.6405228758169935 0.6357421875 0.06535947712418301 0.091796875
