0 0.5882352941176471 0.5087890625 0.09477124183006536 0.123046875
0 0.6633986928104575 0.5576171875 0.09150326797385622 0.166015625
0 0.9142156862745099 0.17578125 0.08006535947712419 0.125
0 0.45179738562091504 0.8857421875 0.10294117647058824 0.162109375
0 0.3570261437908497 0.884765625 0.10620915032679738 0.171875
0 0.31209150326797386 0.3232421875 0.10130718954248366 0.169921875
0 0.15522875816993464 0.103515625 0.12091503267973856 0.1484375
0 0.0727124183006536 0.166015625 0.11274509803921569 0.16796875
0 0.03758169934640523 0.248046875 0.07189542483660132 0.1484375
0 0.05228758169934641 0.365234375 0.10130718954248366 0.13671875
0 0.022058823529411766 0.4765625 0.04084967320261438 0.140625
