0 0.2712418300653595 0.1513671875 0.10130718954248366 0.103515625
0 0.13643790849673204 0.259765625 0.06045751633986928 0.078125
0 0.04656862745098039 0.224609375 0.07352941176470588 0.0703125
0 0.03104575163398693 0.564453125 0.058823529411764705 0.08984375
0 0.2589869281045752 0.931640625 0.09967320261437909 0.125
0 0.44607843137254904 0.384765625 0.08823529411764706 0.125
0 0.732843137254902 0.4716796875 0.09967320261437909 0.126953125
0 0.9705882352941176 0.5283203125 0.058823529411764705 0.126953125
0 0.7401960784313726 0.76171875 0.13071895424836602 0.1484375
0 0.47875816993464054 0.8173828125 0.06535947712418301 0.076171875
0 0.6062091503267975 0.798828125 0.11111111111111112 0.140625
0 0.5204248366013072 0.8759765625 0.10620915032679738 0.130859375
0 0.8316993464052288 0.822265625 0.08823529411764706 0.1015625
0 0.7450980392156863 0.900390625 0.09803921568627451 0.12109375
0 0.8071895424836601 0.9140625 0.11437908496732027 0.12109375
