0 0.06209150326797386 0.1591796875 0.07516339869281045 0.087890625
0 0.14215686274509803 0.0498046875 0.06862745098039216 0.060546875
0 0.10375816993464053 0.353515625 0.06045751633986928 0.0703125
0 0.07434640522875817 0.37890625 0.07026143790849673 0.078125
0 0.2238562091503268 0.3701171875 0.0784313725490196 0.095703125
0 0.4199346405228758 0.4775390625 0.08169934640522876 0.095703125
0 0.12581699346405228 0.732421875 0.07516339869281045 0.0859375
0 0.08986928104575163 0.703125 0.05555555555555556 0.0625
0 0.018790849673202614 0.9306640625 0.03431372549019608 0.087890625
0 0.09803921568627451 0.94921875 0.06862745098039216 0.08203125
0 0.3480392156862745 0.6875 0.06862745098039216 0.1015625
0 0.32679738562091504 0.8369140625 0.0784313725490196 0.091796875
0 0.43709150326797386 0.662109375 0.08333333333333334 0.09375
0 0.43709150326797386 0.7353515625 0.09313725490196079 0.083984375
0 0.4419934640522876 0.8349609375 0.09313725490196079 0.103515625
0 0.5049019607843137 0.814453125 0.05228758169934641 0.0625
0 0.5490196078431373 0.8369140625 0.06209150326797386 0.068359375
0 0.48284313725490197 0.8662109375 0.06045751633986928 0.087890625
0 0.5359477124183006 0.896484375 0.06209150326797386 0.0703125
0 0.630718954248366 0.759765625 0.08169934640522876 0.1015625
0 0.7165032679738562 0.7470703125 0.08660130718954248 0.091796875
0 0.7393790849673203 0.6611328125 0.06372549019607843 0.064453125
0 0.01715686274509804 0.298828125 0.03104575163398693 0.06640625
