0 0.09068627450980392 0.21875 0.09967320261437909 0.09765625
0 0.13480392156862744 0.748046875 0.08986928104575163 0.09765625
0 0.06372549019607843 0.888671875 0.09150326797385622 0.1171875
0 0.22957516339869283 0.0302734375 0.07679738562091504 0.056640625
0 0.2687908496732026 0.044921875 0.06045751633986928 0.07421875
0 0.3643790849673203 0.2490234375 0.058823529411764705 0.083984375
0 0.411764705882353 0.251953125 0.06209150326797386 0.08984375
0 0.3709150326797386 0.41015625 0.06209150326797386 0.0703125
0 0.4673202614379085 0.662109375 0.06209150326797386 0.078125
0 0.6004901960784313 0.6015625 0.06699346405228758 0.078125
0 0.6756535947712419 0.0634765625 0.07352941176470588 0.080078125
0 0.6478758169934641 0.1611328125 0.057189542483660136 0.064453125
0 0.5955882352941176 0.25390625 0.06045751633986928 0.07421875
0 0.6944444444444444 0.302734375 0.058823529411764705 0.07421875
0 0.7009803921568628 0.2216796875 0.05555555555555556 0.064453125
0 0.6552287581699346 0.505859375 0.06209150326797386 0.08203125
0 0.6004901960784313 0.5166015625 0.05392156862745098 0.072265625
