0 0.5277777777777778 0.1572265625 0.05228758169934641 0.068359375
0 0.5849673202614379 0.0771484375 0.05555555555555556 0.083984375
0 0.7107843137254902 0.0390625 0.0784313725490196 0.07421875
0 0.6723856209150327 0.115234375 0.07026143790849673 0.0859375
0 0.7377450980392157 0.12109375 0.06699346405228758 0.09765625
0 0.6609477124183006 0.189453125 0.06045751633986928 0.0859375
0 0.3031045751633987 0.1474609375 0.04738562091503268 0.064453125
0 0.026143790849673203 0.3037109375 0.04575163398692811 0.107421875
0 0.18137254901960784 0.318359375 0.07189542483660132 0.11328125
0 0.21977124183006536 0.3515625 0.06699346405228758 0.109375
0 0.3880718954248366 0.423828125 0.06045751633986928 0.078125
0 0.5098039215686274 0.4130859375 0.0784313725490196 0.083984375
0 0.4934640522875817 0.5625 0.07189542483660132 0.0859375
0 0.45996732026143794 0.6083984375 0.07026143790849673 0.091796875
0 0.3839869281045752 0.861328125 0.07516339869281045 0.08984375
0 0.44607843137254904 0.86328125 0.07516339869281045 0.1015625
0 0.5024509803921569 0.919921875 0.08660130718954248 0.10546875
0 0.6299019607843137 0.6328125 0.08006535947712419 0.09375
0 0.6625816993464052 0.720703125 0.08006535947712419 0.09375
0 0.6421568627450981 0.8359375 0.06535947712418301 0.09375
0 0.6887254901960784 0.818359375 0.04738562091503268 0.0703125
0 0.6740196078431373 0.8828125 0.07026143790849673 0.08203125
0 0.7565359477124183 0.7412109375 0.06535947712418301 0.095703125
0 0.7859477124183006 0.6298828125 0.058823529411764705 0.076171875
0 0.8218954248366014 0.546875 0.05555555555555556 0.0859375
