0 0.06862745098039216 0.44921875 0.07516339869281045 0.11328125
0 0.03758169934640523 0.494140625 0.042483660130718956 0.07421875
0 0.12173202614379085 0.666015625 0.05065359477124183 0.06640625
0 0.21650326797385622 0.7197265625 0.057189542483660136 0.087890625
0 0.19444444444444445 0.6318359375 0.042483660130718956 0.048828125
0 0.3284313725490196 0.580078125 0.042483660130718956 0.0625
0 0.4877450980392157 0.4365234375 0.06372549019607843 0.107421875
0 0.4575163398692811 0.48046875 0.05228758169934641 0.0703125
0 0.46977124183006536 0.56640625 0.057189542483660136 0.06640625
0 0.44689542483660133 0.6005859375 0.04738562091503268 0.064453125
0 0.5490196078431373 0.4326171875 0.0784313725490196 0.107421875
0 0.5236928104575164 0.501953125 0.05065359477124183 0.0625
0 0.5604575163398693 0.5771484375 0.06862745098039216 0.087890625
0 0.5620915032679739 0.662109375 0.07189542483660132 0.09765625
0 0.6658496732026143 0.69921875 0.057189542483660136 0.07421875
0 0.8178104575163399 0.7822265625 0.05392156862745098 0.080078125
0 0.8300653594771242 0.689453125 0.058823529411764705 0.08203125
0 0.6642156862745098 0.4052734375 0.06372549019607843 0.107421875
0 0.7434640522875817 0.1259765625 0.07189542483660132 0.087890625
0 0.8382352941176471 0.0576171875 0.08169934640522876 0.087890625
0 0.9191176470588236 0.2666015625 0.07026143790849673 0.087890625
0 0.7892156862745098 0.4599609375 0.058823529411764705 0.083984375
0 0.8325163398692811 0.53125 0.06372549019607843 0.08203125
0 0.8382352941176471 0.4609375 0.058823529411764705 0.07421875
0 0.8431372549019608 0.4033203125 0.06862745098039216 0.080078125
0 0.9191176470588236 0.369140625 0.06372549019607843 0.0703125
0 0.9550653594771242 0.443359375 0.057189542483660136 0.078125
