0 0.3178104575163399 0.0751953125 0.06699346405228758 0.080078125
0 0.6691176470588236 0.404296875 0.07352941176470588 0.109375
0 0.5588235294117647 0.4951171875 0.08169934640522876 0.103515625
0 0.4616013071895425 0.6826171875 0.07679738562091504 0.103515625
0 0.5580065359477124 0.59375 0.08660130718954248 0.09375
0 0.5555555555555556 0.6474609375 0.06862745098039216 0.068359375
0 0.3480392156862745 0.75 0.05228758169934641 0.07421875
0 0.6511437908496732 0.626953125 0.07352941176470588 0.09765625
0 0.6895424836601307 0.7373046875 0.07516339869281045 0.087890625
0 0.6576797385620915 0.861328125 0.07026143790849673 0.0859375
0 0.7189542483660131 0.93359375 0.06862745098039216 0.07421875
0 0.41013071895424835 0.70703125 0.05228758169934641 0.08203125
0 0.5972222222222222 0.55078125 0.06372549019607843 0.09375
0 0.6160130718954249 0.6572265625 0.06209150326797386 0.083984375
