0 0.38153594771241833 0.2158203125 0.06372549019607843 0.111328125
0 0.29411764705882354 0.03125 0.04575163398692811 0.05859375
0 0.5392156862745098 0.15625 0.06535947712418301 0.0859375
0 0.13562091503267976 0.5595703125 0.06862745098039216 0.111328125
0 0.12254901960784315 0.8056640625 0.07516339869281045 0.103515625
0 0.19934640522875818 0.8310546875 0.07516339869281045 0.076171875
0 0.21323529411764708 0.76171875 0.07679738562091504 0.10546875
0 0.4665032679738562 0.8359375 0.06045751633986928 0.10546875
0 0.4387254901960784 0.9267578125 0.06699346405228758 0.064453125
0 0.5441176470588236 0.9765625 0.06209150326797386 0.046875
0 0.5531045751633987 0.8095703125 0.09313725490196079 0.123046875
0 0.5849673202614379 0.9150390625 0.0784313725490196 0.111328125
0 0.6446078431372549 0.9267578125 0.057189542483660136 0.083984375
0 0.7663398692810458 0.951171875 0.07516339869281045 0.09765625
0 0.8374183006535948 0.8291015625 0.08333333333333334 0.103515625
0 0.8954248366013072 0.794921875 0.07189542483660132 0.09375
0 0.6576797385620915 0.54296875 0.08006535947712419 0.1015625
