0 0.042483660130718956 0.1171875 0.0784313725490196 0.10546875
0 0.14133986928104575 0.2529296875 0.13562091503267976 0.142578125
0 0.3112745098039216 0.55078125 0.09967320261437909 0.140625
0 0.4436274509803922 0.7607421875 0.119281045751634 0.154296875
0 0.6102941176470589 0.423828125 0.10620915032679738 0.15625
0 0.6658496732026143 0.5009765625 0.08986928104575163 0.130859375
0 0.6503267973856209 0.6220703125 0.09803921568627451 0.142578125
0 0.9566993464052288 0.6826171875 0.08660130718954248 0.130859375
0 0.8970588235294118 0.7451171875 0.08169934640522876 0.115234375
0 0.9616013071895425 0.78515625 0.07679738562091504 0.140625
0 0.9338235294117647 0.88671875 0.07679738562091504 0.08984375
0 0.8815359477124183 0.8447265625 0.07352941176470588 0.119140625
0 0.8586601307189543 0.9033203125 0.09640522875816994 0.115234375
