0 0.09395424836601307 0.2099609375 0.08333333333333334 0.107421875
0 0.03839869281045752 0.33203125 0.06045751633986928 0.0859375
0 0.04493464052287582 0.412109375 0.07352941176470588 0.09375
0 0.1388888888888889 0.72265625 0.06862745098039216 0.09375
0 0.3006535947712418 0.5146484375 0.0784313725490196 0.119140625
0 0.36356209150326796 0.5029296875 0.07352941176470588 0.107421875
0 0.3970588235294118 0.3408203125 0.0784313725490196 0.087890625
0 0.41339869281045755 0.416015625 0.0784313725490196 0.1015625
0 0.3366013071895425 0.1513671875 0.06209150326797386 0.091796875
0 0.37173202614379086 0.0576171875 0.08333333333333334 0.107421875
0 0.5334967320261438 0.2158203125 0.057189542483660136 0.087890625
0 0.5571895424836601 0.08984375 0.07516339869281045 0.078125
0 0.6021241830065359 0.6474609375 0.09967320261437909 0.119140625
0 0.6331699346405228 0.7412109375 0.08986928104575163 0.107421875
0 0.7344771241830066 0.7138671875 0.07352941176470588 0.083984375
0 0.8856209150326798 0.46484375 0.09803921568627451 0.12109375
0 0.9428104575163399 0.5263671875 0.0784313725490196 0.107421875
0 0.9616013071895425 0.462890625 0.07679738562091504 0.11328125
0 0.880718954248366 0.7890625 0.06862745098039216 0.08203125
0 0.9362745098039216 0.81640625 0.06535947712418301 0.0859375
