0 0.22794117647058823 0.3154296875 0.04411764705882353 0.072265625
0 0.27369281045751637 0.322265625 0.05392156862745098 0.07421875
0 0.2785947712418301 0.6787109375 0.057189542483660136 0.076171875
0 0.16094771241830066 0.7763671875 0.06372549019607843 0.076171875
0 0.029411764705882353 0.84765625 0.05555555555555556 0.09375
0 0.08660130718954248 0.8447265625 0.0784313725490196 0.095703125
0 0.6168300653594772 0.2353515625 0.06699346405228758 0.091796875
0 0.6331699346405228 0.177734375 0.07679738562091504 0.08984375
0 0.46977124183006536 0.5517578125 0.057189542483660136 0.091796875
0 0.5212418300653595 0.5361328125 0.06862745098039216 0.095703125
0 0.2949346405228758 0.58984375 0.06699346405228758 0.08984375
0 0.6527777777777778 0.4833984375 0.057189542483660136 0.087890625
0 0.6225490196078431 0.6416015625 0.0784313725490196 0.126953125
0 0.9787581699346406 0.7236328125 0.042483660130718956 0.076171875
