0 0.18218954248366015 0.2177734375 0.06372549019607843 0.107421875
0 0.5081699346405228 0.2060546875 0.07189542483660132 0.087890625
0 0.571078431372549 0.119140625 0.06699346405228758 0.07421875
0 0.10294117647058824 0.3896484375 0.05228758169934641 0.087890625
0 0.09313725490196079 0.5400390625 0.06862745098039216 0.095703125
0 0.1911764705882353 0.548828125 0.07189542483660132 0.08984375
0 0.2181372549019608 0.666015625 0.08006535947712419 0.1015625
0 0.24836601307189543 0.6826171875 0.04575163398692811 0.064453125
0 0.26552287581699346 0.6318359375 0.06699346405228758 0.091796875
0 0.32516339869281047 0.7109375 0.08823529411764706 0.09765625
0 0.5155228758169935 0.6337890625 0.08006535947712419 0.095703125
0 0.7140522875816994 0.6953125 0.04575163398692811 0.0546875
