0 0.45915032679738566 0.2412109375 0.10130718954248366 0.126953125
0 0.47303921568627455 0.353515625 0.08333333333333334 0.1328125
0 0.5906862745098039 0.3916015625 0.08660130718954248 0.142578125
0 0.6495098039215687 0.3408203125 0.08333333333333334 0.142578125
0 0.7818627450980392 0.0439453125 0.06699346405228758 0.083984375
0 0.7867647058823529 0.310546875 0.08660130718954248 0.13671875
0 0.698529411764706 0.388671875 0.06045751633986928 0.078125
0 0.7393790849673203 0.3876953125 0.07026143790849673 0.103515625
0 0.7826797385620915 0.4921875 0.08496732026143791 0.13671875
0 0.7303921568627452 0.5546875 0.07516339869281045 0.11328125
