0 0.27941176470588236 0.4375 0.08169934640522876 0.0859375
0 0.16339869281045752 0.919921875 0.09150326797385622 0.109375
0 0.3006535947712418 0.6044921875 0.08823529411764706 0.107421875
0 0.4297385620915033 0.3955078125 0.06209150326797386 0.072265625
0 0.43137254901960786 0.45703125 0.05228758169934641 0.06640625
0 0.4019607843137255 0.5224609375 0.07516339869281045 0.083984375
0 0.47303921568627455 0.0751953125 0.07352941176470588 0.080078125
0 0.6348039215686274 0.3466796875 0.07679738562091504 0.099609375
0 0.6062091503267975 0.3828125 0.09150326797385622 0.09765625
0 0.5800653594771242 0.5078125 0.08823529411764706 0.09765625
