0 0.09313725490196079 0.6767578125 0.08823529411764706 0.123046875
0 0.119281045751634 0.8505859375 0.11111111111111112 0.134765625
0 0.37254901960784315 0.9052734375 0.11764705882352941 0.169921875
0 0.39542483660130723 0.6591796875 0.06535947712418301 0.103515625
0 0.45915032679738566 0.6259765625 0.09150326797385622 0.142578125
0 0.5245098039215687 0.77734375 0.08496732026143791 0.1171875
0 0.5669934640522876 0.9443359375 0.06535947712418301 0.087890625
0 0.6119281045751634 0.91796875 0.06372549019607843 0.0625
0 0.6282679738562091 0.8740234375 0.06699346405228758 0.095703125
0 0.7124183006535948 0.546875 0.08169934640522876 0.1328125
0 0.7598039215686275 0.7001953125 0.09477124183006536 0.134765625
0 0.9223856209150327 0.884765625 0.08986928104575163 0.125
0 0.8014705882352942 0.4970703125 0.08006535947712419 0.126953125
0 0.8946078431372549 0.2509765625 0.06045751633986928 0.087890625
