0 0.04166666666666667 0.435546875 0.08006535947712419 0.13671875
0 0.018790849673202614 0.2685546875 0.03431372549019608 0.107421875
0 0.06290849673202614 0.294921875 0.09640522875816994 0.12109375
0 0.06862745098039216 0.1953125 0.09150326797385622 0.12109375
0 0.5473856209150327 0.7744140625 0.07189542483660132 0.103515625
0 0.6094771241830066 0.78125 0.06209150326797386 0.08984375
0 0.9330065359477124 0.818359375 0.0392156862745098 0.08203125
0 0.9607843137254902 0.828125 0.05555555555555556 0.0859375
0 0.7777777777777778 0.857421875 0.0784313725490196 0.1015625
0 0.7377450980392157 0.79296875 0.07026143790849673 0.09375
0 0.8120915032679739 0.7275390625 0.058823529411764705 0.083984375
0 0.3382352941176471 0.5341796875 0.08496732026143791 0.107421875
0 0.3880718954248366 0.4765625 0.09313725490196079 0.09765625
0 0.34885620915032683 0.42578125 0.09313725490196079 0.12109375
0 0.4256535947712418 0.3896484375 0.08660130718954248 0.095703125
0 0.33088235294117646 0.26171875 0.11274509803921569 0.12890625
0 0.3357843137254902 0.1044921875 0.08333333333333334 0.068359375
0 0.28022875816993464 0.0625 0.119281045751634 0.12109375
0 0.3880718954248366 0.0546875 0.10620915032679738 0.10546875
0 0.5588235294117647 0.1435546875 0.10130718954248366 0.123046875
0 0.6446078431372549 0.1279296875 0.08333333333333334 0.130859375
0 0.8627450980392157 0.0703125 0.07189542483660132 0.08984375
