0 0.25 0.142578125 0.04575163398692811 0.06640625
0 0.19281045751633988 0.1513671875 0.042483660130718956 0.064453125
0 0.23202614379084968 0.3173828125 0.049019607843137254 0.076171875
0 0.3888888888888889 0.173828125 0.06209150326797386 0.07421875
0 0.35375816993464054 0.1943359375 0.06045751633986928 0.076171875
0 0.3602941176470588 0.2578125 0.057189542483660136 0.0625
0 0.309640522875817 0.228515625 0.05065359477124183 0.078125
0 0.9428104575163399 0.1611328125 0.08823529411764706 0.099609375
0 0.5514705882352942 0.6513671875 0.07352941176470588 0.072265625
0 0.5179738562091504 0.7451171875 0.06209150326797386 0.087890625
0 0.5531045751633987 0.7158203125 0.06045751633986928 0.068359375
0 0.5996732026143791 0.6904296875 0.058823529411764705 0.064453125
