0 0.2034313725490196 0.6337890625 0.06045751633986928 0.091796875
0 0.0857843137254902 0.8427734375 0.08006535947712419 0.107421875
0 0.10457516339869281 0.908203125 0.08823529411764706 0.12109375
0 0.18137254901960784 0.91015625 0.08496732026143791 0.1171875
0 0.2107843137254902 0.9619140625 0.04575163398692811 0.060546875
0 0.39950980392156865 0.736328125 0.08006535947712419 0.12109375
0 0.4256535947712418 0.8349609375 0.07679738562091504 0.103515625
0 0.47303921568627455 0.7978515625 0.07026143790849673 0.080078125
0 0.505718954248366 0.8427734375 0.08660130718954248 0.115234375
0 0.613562091503268 0.7734375 0.08986928104575163 0.11328125
