0 0.16258169934640523 0.4912109375 0.06699346405228758 0.115234375
0 0.4215686274509804 0.2373046875 0.05228758169934641 0.083984375
0 0.41830065359477125 0.318359375 0.05555555555555556 0.06640625
0 0.4150326797385621 0.447265625 0.049019607843137254 0.078125
0 0.5343137254901961 0.8134765625 0.08169934640522876 0.115234375
0 0.37663398692810457 0.8193359375 0.06372549019607843 0.087890625
0 0.40032679738562094 0.939453125 0.09803921568627451 0.109375
0 0.5089869281045751 0.2822265625 0.06045751633986928 0.087890625
0 0.5678104575163399 0.3251953125 0.06372549019607843 0.083984375
0 0.5383986928104575 0.1298828125 0.06699346405228758 0.095703125
0 0.5988562091503268 0.1767578125 0.06699346405228758 0.095703125
