0 0.09477124183006536 0.15625 0.08169934640522876 0.109375
0 0.07026143790849673 0.560546875 0.09803921568627451 0.12109375
0 0.08006535947712419 0.6591796875 0.10784313725490197 0.138671875
0 0.17892156862745098 0.2685546875 0.09967320261437909 0.154296875
0 0.2181372549019608 0.123046875 0.09967320261437909 0.15625
0 0.3276143790849673 0.2744140625 0.09640522875816994 0.150390625
0 0.4109477124183007 0.109375 0.08660130718954248 0.1484375
0 0.5433006535947713 0.423828125 0.07026143790849673 0.140625
0 0.613562091503268 0.43359375 0.09640522875816994 0.1484375
0 0.7769607843137255 0.1806640625 0.07679738562091504 0.111328125
0 0.7949346405228759 0.2470703125 0.08660130718954248 0.138671875
0 0.8349673202614379 0.1630859375 0.07516339869281045 0.123046875
0 0.8995098039215687 0.140625 0.08660130718954248 0.125
0 0.9656862745098039 0.111328125 0.06862745098039216 0.12109375
0 0.8905228758169935 0.0556640625 0.07189542483660132 0.087890625
