0 0.08088235294117647 0.1279296875 0.07352941176470588 0.083984375
0 0.18709150326797386 0.37109375 0.07026143790849673 0.09375
0 0.13970588235294118 0.4111328125 0.07352941176470588 0.087890625
0 0.2908496732026144 0.318359375 0.07516339869281045 0.09765625
0 0.39950980392156865 0.337890625 0.07026143790849673 0.08203125
0 0.4550653594771242 0.3369140625 0.06045751633986928 0.072265625
0 0.20261437908496732 0.61328125 0.07189542483660132 0.07421875
0 0.03676470588235294 0.6923828125 0.06699346405228758 0.103515625
0 0.2042483660130719 0.7373046875 0.06535947712418301 0.080078125
0 0.12745098039215685 0.8818359375 0.06535947712418301 0.072265625
0 0.18300653594771243 0.8955078125 0.058823529411764705 0.072265625
0 0.7777777777777778 0.314453125 0.06209150326797386 0.09375
0 0.7246732026143791 0.3359375 0.07026143790849673 0.11328125
0 0.8619281045751634 0.4716796875 0.10620915032679738 0.126953125
0 0.06127450980392157 0.1826171875 0.07352941176470588 0.076171875
