0 0.45016339869281047 0.2666015625 0.05392156862745098 0.103515625
0 0.5245098039215687 0.6484375 0.049019607843137254 0.06640625
0 0.9550653594771242 0.19921875 0.06699346405228758 0.1015625
0 0.8758169934640523 0.5126953125 0.058823529411764705 0.103515625
0 0.7107843137254902 0.7646484375 0.049019607843137254 0.076171875
0 0.7606209150326798 0.8818359375 0.05065359477124183 0.068359375
0 0.8880718954248367 0.6220703125 0.04738562091503268 0.064453125
0 0.869281045751634 0.666015625 0.05555555555555556 0.0625
0 0.8553921568627452 0.7177734375 0.057189542483660136 0.087890625
0 0.9240196078431373 0.736328125 0.05392156862745098 0.09765625
