0 0.5637254901960784 0.4501953125 0.06209150326797386 0.095703125
0 0.32189542483660133 0.4033203125 0.07189542483660132 0.091796875
0 0.2916666666666667 0.4150390625 0.06372549019607843 0.087890625
0 0.0727124183006536 0.478515625 0.06045751633986928 0.08984375
0 0.125 0.5390625 0.07352941176470588 0.09765625
0 0.08169934640522876 0.583984375 0.06535947712418301 0.09765625
0 0.04166666666666667 0.591796875 0.05065359477124183 0.0859375
0 0.18709150326797386 0.580078125 0.057189542483660136 0.09375
0 0.23447712418300654 0.5732421875 0.05065359477124183 0.095703125
0 0.37990196078431376 0.5224609375 0.06372549019607843 0.087890625
0 0.41013071895424835 0.6240234375 0.06209150326797386 0.087890625
0 0.571078431372549 0.6083984375 0.04411764705882353 0.060546875
0 0.4877450980392157 0.787109375 0.04738562091503268 0.06640625
0 0.7663398692810458 0.775390625 0.09150326797385622 0.09375
0 0.8586601307189543 0.8955078125 0.09640522875816994 0.123046875
0 0.9158496732026145 0.9560546875 0.07679738562091504 0.083984375
0 0.815359477124183 0.9619140625 0.08823529411764706 0.076171875
0 0.6919934640522876 0.962890625 0.09313725490196079 0.07421875
