0 0.1650326797385621 0.6767578125 0.05228758169934641 0.083984375
0 0.21241830065359477 0.716796875 0.058823529411764705 0.08984375
0 0.34885620915032683 0.875 0.057189542483660136 0.078125
0 0.369281045751634 0.755859375 0.058823529411764705 0.07421875
0 0.5898692810457516 0.83984375 0.049019607843137254 0.0703125
0 0.7826797385620915 0.857421875 0.058823529411764705 0.078125
0 0.8602941176470589 0.9443359375 0.08006535947712419 0.099609375
0 0.34395424836601307 0.3623046875 0.05392156862745098 0.080078125
0 0.37173202614379086 0.32421875 0.04738562091503268 0.08203125
0 0.3602941176470588 0.2353515625 0.057189542483660136 0.064453125
0 0.4607843137254902 0.2578125 0.07189542483660132 0.08984375
0 0.6274509803921569 0.1494140625 0.08496732026143791 0.115234375
0 0.5375816993464052 0.4775390625 0.09803921568627451 0.115234375
0 0.5580065359477124 0.583984375 0.08660130718954248 0.125
0 0.6372549019607844 0.5341796875 0.07516339869281045 0.119140625
0 0.7540849673202614 0.6728515625 0.06045751633986928 0.087890625
0 0.7549019607843137 0.564453125 0.06862745098039216 0.1015625
0 0.7843137254901961 0.6328125 0.09150326797385622 0.109375
0 0.8529411764705883 0.404296875 0.08496732026143791 0.12109375
0 0.9035947712418301 0.1640625 0.07189542483660132 0.109375
0 0.9264705882352942 0.07421875 0.06862745098039216 0.08984375
