0 0.03594771241830066 0.4873046875 0.05228758169934641 0.080078125
0 0.06209150326797386 0.67578125 0.06535947712418301 0.08984375
0 0.1650326797385621 0.73828125 0.06209150326797386 0.07421875
0 0.20915032679738563 0.7666015625 0.06535947712418301 0.072265625
0 0.2034313725490196 0.880859375 0.05392156862745098 0.06640625
0 0.5 0.7958984375 0.05555555555555556 0.083984375
0 0.8374183006535948 0.91015625 0.08006535947712419 0.1015625
0 0.8839869281045752 0.8369140625 0.058823529411764705 0.087890625
0 0.5767973856209151 0.541015625 0.06862745098039216 0.078125
0 0.6503267973856209 0.349609375 0.06209150326797386 0.08203125
0 0.6715686274509804 0.4111328125 0.05555555555555556 0.068359375
0 0.7540849673202614 0.3876953125 0.057189542483660136 0.064453125
0 0.7647058823529412 0.1572265625 0.06535947712418301 0.083984375
0 0.8218954248366014 0.2353515625 0.06535947712418301 0.083984375
