0 0.2107843137254902 0.1435546875 0.06209150326797386 0.060546875
0 0.24673202614379086 0.142578125 0.05555555555555556 0.0546875
0 0.3496732026143791 0.59375 0.06535947712418301 0.09375
0 0.13970588235294118 0.58203125 0.08986928104575163 0.10546875
0 0.03022875816993464 0.6630859375 0.057189542483660136 0.115234375
0 0.1519607843137255 0.755859375 0.0784313725490196 0.09765625
0 0.07107843137254902 0.7646484375 0.10294117647058824 0.099609375
0 0.06209150326797386 0.8291015625 0.06862745098039216 0.087890625
0 0.31209150326797386 0.701171875 0.07516339869281045 0.08203125
0 0.29983660130718953 0.76171875 0.06372549019607843 0.06640625
0 0.33169934640522875 0.775390625 0.06535947712418301 0.06640625
0 0.3047385620915033 0.8115234375 0.07026143790849673 0.072265625
