0 0.24836601307189543 0.330078125 0.07516339869281045 0.08984375
0 0.2058823529411765 0.7119140625 0.06209150326797386 0.080078125
0 0.39215686274509803 0.1962890625 0.05555555555555556 0.072265625
0 0.7303921568627452 0.044921875 0.08169934640522876 0.08203125
0 0.2826797385620915 0.7626953125 0.042483660130718956 0.068359375
0 0.30718954248366015 0.798828125 0.042483660130718956 0.0625
0 0.494281045751634 0.7626953125 0.04084967320261438 0.068359375
0 0.477124183006536 0.94921875 0.04575163398692811 0.05859375
0 0.4665032679738562 0.90234375 0.057189542483660136 0.0625
0 0.3651960784313726 0.6142578125 0.08986928104575163 0.115234375
0 0.7238562091503268 0.8564453125 0.05228758169934641 0.091796875
0 0.7949346405228759 0.8681640625 0.08660130718954248 0.115234375
0 0.7581699346405228 0.923828125 0.08823529411764706 0.1171875
0 0.9011437908496732 0.875 0.07679738562091504 0.09765625
0 0.8545751633986929 0.28515625 0.08169934640522876 0.1015625
