0 0.08169934640522876 0.3779296875 0.05228758169934641 0.068359375
0 0.05392156862745098 0.41015625 0.04575163398692811 0.0625
0 0.07761437908496732 0.4560546875 0.04084967320261438 0.080078125
0 0.02042483660130719 0.5107421875 0.03758169934640523 0.068359375
0 0.13970588235294118 0.4990234375 0.08660130718954248 0.126953125
0 0.2696078431372549 0.416015625 0.08496732026143791 0.12109375
0 0.21241830065359477 0.34375 0.058823529411764705 0.0703125
0 0.33088235294117646 0.0810546875 0.07026143790849673 0.111328125
0 0.3839869281045752 0.2421875 0.08823529411764706 0.125
0 0.49754901960784315 0.27734375 0.08006535947712419 0.12109375
0 0.6454248366013072 0.2373046875 0.09477124183006536 0.107421875
0 0.5620915032679739 0.388671875 0.10784313725490197 0.12890625
0 0.4436274509803922 0.51171875 0.06372549019607843 0.09765625
0 0.477124183006536 0.5615234375 0.06535947712418301 0.087890625
0 0.6225490196078431 0.7421875 0.07516339869281045 0.09765625
0 0.7990196078431373 0.576171875 0.09477124183006536 0.1171875
0 0.9803921568627452 0.587890625 0.0392156862745098 0.11328125
0 0.9452614379084968 0.85546875 0.07352941176470588 0.10546875
