0 0.17892156862745098 0.0498046875 0.06372549019607843 0.076171875
0 0.03758169934640523 0.349609375 0.07189542483660132 0.09375
0 0.3415032679738562 0.1201171875 0.08169934640522876 0.095703125
0 0.4820261437908497 0.056640625 0.06535947712418301 0.08984375
0 0.5612745098039216 0.0615234375 0.08006535947712419 0.107421875
0 0.37826797385620914 0.4306640625 0.06372549019607843 0.103515625
0 0.3055555555555556 0.5185546875 0.07516339869281045 0.076171875
0 0.12908496732026145 0.75 0.06535947712418301 0.08984375
0 0.04493464052287582 0.8505859375 0.057189542483660136 0.080078125
0 0.2638888888888889 0.7421875 0.08660130718954248 0.09375
0 0.2107843137254902 0.78515625 0.06209150326797386 0.078125
0 0.3374183006535948 0.92578125 0.07679738562091504 0.09765625
0 0.6691176470588236 0.689453125 0.08660130718954248 0.12109375
0 0.6339869281045751 0.796875 0.09477124183006536 0.10546875
0 0.7083333333333334 0.8544921875 0.09967320261437909 0.115234375
0 0.08986928104575163 0.666015625 0.058823529411764705 0.07421875
