0 0.238562091503268 0.5654296875 0.08823529411764706 0.103515625
0 0.021241830065359478 0.7646484375 0.0392156862745098 0.076171875
0 0.18218954248366015 0.8173828125 0.07679738562091504 0.091796875
0 0.2361111111111111 0.826171875 0.08660130718954248 0.1015625
0 0.2957516339869281 0.9228515625 0.0784313725490196 0.111328125
0 0.16584967320261437 0.9560546875 0.08333333333333334 0.087890625
0 0.37990196078431376 0.595703125 0.057189542483660136 0.08984375
0 0.41830065359477125 0.5888671875 0.0784313725490196 0.115234375
0 0.49183006535947715 0.517578125 0.058823529411764705 0.0625
0 0.6013071895424836 0.6396484375 0.06862745098039216 0.083984375
0 0.5890522875816994 0.509765625 0.06699346405228758 0.08203125
