0 0.05392156862745098 0.0302734375 0.06209150326797386 0.056640625
0 0.36683006535947715 0.2578125 0.05392156862745098 0.0625
0 0.3496732026143791 0.31640625 0.06862745098039216 0.08984375
0 0.11437908496732027 0.3662109375 0.042483660130718956 0.068359375
0 0.6037581699346405 0.283203125 0.07352941176470588 0.109375
0 0.5849673202614379 0.4052734375 0.05228758169934641 0.080078125
0 0.6511437908496732 0.521484375 0.03431372549019608 0.0625
0 0.5024509803921569 0.453125 0.04738562091503268 0.078125
0 0.4624183006535948 0.482421875 0.05228758169934641 0.078125
0 0.5245098039215687 0.5263671875 0.058823529411764705 0.068359375
0 0.548202614379085 0.5556640625 0.03431372549019608 0.064453125
0 0.869281045751634 0.8056640625 0.04575163398692811 0.080078125
0 0.888888888888889 0.8525390625 0.042483660130718956 0.068359375
0 0.9084967320261438 0.9404296875 0.04575163398692811 0.060546875
