0 0.2246732026143791 0.0673828125 0.10620915032679738 0.130859375
0 0.14215686274509803 0.09765625 0.05228758169934641 0.078125
0 0.03022875816993464 0.0390625 0.057189542483660136 0.07421875
0 0.15604575163398693 0.302734375 0.05065359477124183 0.08203125
0 0.2687908496732026 0.7705078125 0.04411764705882353 0.080078125
0 0.3872549019607843 0.537109375 0.049019607843137254 0.06640625
0 0.42483660130718953 0.5205078125 0.04575163398692811 0.064453125
0 0.4019607843137255 0.578125 0.04575163398692811 0.0546875
0 0.4665032679738562 0.6064453125 0.04738562091503268 0.072265625
0 0.4795751633986928 0.4033203125 0.08006535947712419 0.103515625
0 0.5106209150326797 0.333984375 0.07352941176470588 0.10546875
0 0.7263071895424836 0.2099609375 0.09640522875816994 0.142578125
0 0.823529411764706 0.24609375 0.08496732026143791 0.1171875
0 0.9076797385620915 0.265625 0.08333333333333334 0.12109375
0 0.04575163398692811 0.8583984375 0.06209150326797386 0.064453125
