0 0.05800653594771242 0.42578125 0.07026143790849673 0.09375
0 0.03431372549019608 0.32421875 0.06535947712418301 0.07421875
0 0.08415032679738563 0.3662109375 0.06699346405228758 0.080078125
0 0.26715686274509803 0.3115234375 0.06699346405228758 0.076171875
0 0.29248366013071897 0.2470703125 0.06209150326797386 0.087890625
0 0.30228758169934644 0.2021484375 0.06535947712418301 0.087890625
0 0.513888888888889 0.0615234375 0.08660130718954248 0.080078125
0 0.411764705882353 0.421875 0.07189542483660132 0.1015625
0 0.3700980392156863 0.583984375 0.08660130718954248 0.09765625
0 0.4150326797385621 0.6435546875 0.06209150326797386 0.080078125
0 0.37663398692810457 0.6806640625 0.08333333333333334 0.095703125
0 0.4215686274509804 0.7333984375 0.06862745098039216 0.095703125
0 0.5032679738562091 0.6689453125 0.07516339869281045 0.083984375
0 0.542483660130719 0.72265625 0.08169934640522876 0.09375
0 0.5686274509803921 0.6474609375 0.07516339869281045 0.091796875
0 0.5751633986928105 0.5966796875 0.06209150326797386 0.072265625
0 0.6151960784313726 0.3095703125 0.07352941176470588 0.083984375
0 0.5923202614379085 0.2119140625 0.07352941176470588 0.083984375
0 0.8529411764705883 0.4189453125 0.08823529411764706 0.107421875
0 0.9305555555555556 0.392578125 0.08333333333333334 0.09765625
0 0.9526143790849674 0.484375 0.09477124183006536 0.1171875
