0 0.0784313725490196 0.80859375 0.08496732026143791 0.12109375
0 0.369281045751634 0.556640625 0.08169934640522876 0.1171875
0 0.3513071895424837 0.4794921875 0.08169934640522876 0.091796875
0 0.34068627450980393 0.30859375 0.06045751633986928 0.09375
0 0.4109477124183007 0.3994140625 0.06699346405228758 0.099609375
0 0.4812091503267974 0.2587890625 0.08006535947712419 0.095703125
0 0.5465686274509804 0.0986328125 0.07352941176470588 0.115234375
0 0.46405228758169936 0.35546875 0.06535947712418301 0.09765625
0 0.5522875816993464 0.33203125 0.07189542483660132 0.109375
0 0.6290849673202614 0.5908203125 0.0784313725490196 0.115234375
0 0.630718954248366 0.3818359375 0.09477124183006536 0.111328125
0 0.6519607843137255 0.4296875 0.09477124183006536 0.1015625
0 0.8276143790849674 0.458984375 0.08660130718954248 0.12109375
0 0.8455882352941176 0.5517578125 0.06699346405228758 0.099609375
0 0.8962418300653595 0.833984375 0.05065359477124183 0.0703125
0 0.917483660130719 0.759765625 0.04738562091503268 0.08203125
0 0.9338235294117647 0.5546875 0.05392156862745098 0.09375
0 0.9354575163398693 0.6298828125 0.057189542483660136 0.083984375
0 0.9477124183006537 0.3740234375 0.08823529411764706 0.111328125
0 0.9763071895424837 0.4091796875 0.04738562091503268 0.068359375
