0 0.1380718954248366 0.1533203125 0.06699346405228758 0.095703125
0 0.1053921568627451 0.3486328125 0.08006535947712419 0.095703125
0 0.06862745098039216 0.5185546875 0.06535947712418301 0.091796875
0 0.028594771241830068 0.5439453125 0.05065359477124183 0.087890625
0 0.12254901960784315 0.54296875 0.05555555555555556 0.05859375
0 0.14297385620915032 0.5830078125 0.06699346405228758 0.087890625
0 0.2058823529411765 0.4541015625 0.0784313725490196 0.087890625
0 0.3178104575163399 0.0869140625 0.07679738562091504 0.087890625
0 0.5285947712418301 0.125 0.07352941176470588 0.09765625
0 0.6437908496732027 0.1708984375 0.0784313725490196 0.095703125
0 0.45588235294117646 0.3759765625 0.05555555555555556 0.060546875
0 0.428921568627451 0.5185546875 0.07026143790849673 0.072265625
0 0.5008169934640523 0.486328125 0.05065359477124183 0.06640625
0 0.5604575163398693 0.4853515625 0.06862745098039216 0.064453125
0 0.5743464052287582 0.26171875 0.08333333333333334 0.1015625
0 0.6748366013071896 0.2392578125 0.08169934640522876 0.111328125
0 0.7377450980392157 0.1748046875 0.08333333333333334 0.103515625
