0 0.34395424836601307 0.1845703125 0.07026143790849673 0.072265625
0 0.14624183006535948 0.4228515625 0.07026143790849673 0.080078125
0 0.17647058823529413 0.5517578125 0.04575163398692811 0.072265625
0 0.05310457516339869 0.9228515625 0.06372549019607843 0.056640625
0 0.42728758169934644 0.658203125 0.06045751633986928 0.1015625
0 0.47058823529411764 0.630859375 0.07516339869281045 0.08984375
0 0.38562091503267976 0.8251953125 0.06209150326797386 0.091796875
0 0.7075163398692811 0.5576171875 0.08169934640522876 0.091796875
0 0.829248366013072 0.5830078125 0.08333333333333334 0.099609375
0 0.9656862745098039 0.5888671875 0.06862745098039216 0.091796875
0 0.9616013071895425 0.95703125 0.07352941176470588 0.0859375
