0 0.04738562091503268 0.7109375 0.058823529411764705 0.078125
0 0.3088235294117647 0.6962890625 0.06209150326797386 0.080078125
0 0.28022875816993464 0.728515625 0.05065359477124183 0.078125
0 0.26715686274509803 0.8076171875 0.06045751633986928 0.044921875
0 0.2777777777777778 0.833984375 0.058823529411764705 0.05078125
0 0.3235294117647059 0.916015625 0.06535947712418301 0.0625
0 0.4256535947712418 0.806640625 0.06045751633986928 0.07421875
0 0.4950980392156863 0.6689453125 0.05228758169934641 0.064453125
0 0.5612745098039216 0.6552734375 0.06372549019607843 0.076171875
0 0.5931372549019608 0.69921875 0.06862745098039216 0.0859375
0 0.8954248366013072 0.42578125 0.06209150326797386 0.08203125
