0 0.1388888888888889 0.5712890625 0.058823529411764705 0.072265625
0 0.1119281045751634 0.76953125 0.06045751633986928 0.08203125
0 0.09967320261437909 0.8896484375 0.06209150326797386 0.083984375
0 0.47875816993464054 0.3193359375 0.07189542483660132 0.091796875
0 0.5588235294117647 0.4931640625 0.058823529411764705 0.080078125
0 0.6062091503267975 0.51171875 0.05555555555555556 0.07421875
0 0.5563725490196079 0.6552734375 0.06045751633986928 0.072265625
0 0.869281045751634 0.908203125 0.08169934640522876 0.09375
0 0.37990196078431376 0.9365234375 0.04738562091503268 0.060546875
0 0.3243464052287582 0.7451171875 0.05065359477124183 0.056640625
0 0.4722222222222222 0.064453125 0.05555555555555556 0.06640625
