0 0.056372549019607844 0.763671875 0.08333333333333334 0.12109375
0 0.02777777777777778 0.634765625 0.05228758169934641 0.09375
0 0.03349673202614379 0.5400390625 0.06372549019607843 0.111328125
0 0.1503267973856209 0.7353515625 0.06862745098039216 0.095703125
0 0.21241830065359477 0.6552734375 0.049019607843137254 0.103515625
0 0.15359477124183007 0.3037109375 0.06862745098039216 0.080078125
0 0.3006535947712418 0.34375 0.07189542483660132 0.09375
0 0.41339869281045755 0.4072265625 0.06535947712418301 0.115234375
0 0.46895424836601307 0.3896484375 0.0784313725490196 0.107421875
0 0.4338235294117647 0.6337890625 0.06699346405228758 0.095703125
0 0.5620915032679739 0.7265625 0.06535947712418301 0.09375
0 0.5612745098039216 0.6376953125 0.08660130718954248 0.107421875
0 0.5228758169934641 0.5732421875 0.0784313725490196 0.095703125
0 0.7540849673202614 0.5556640625 0.08333333333333334 0.099609375
0 0.7116013071895425 0.544921875 0.06045751633986928 0.10546875
0 0.8390522875816994 0.28125 0.07352941176470588 0.10546875
0 0.5620915032679739 0.0810546875 0.08169934640522876 0.107421875
0 0.286764705882353 0.03515625 0.08006535947712419 0.06640625
0 0.3382352941176471 0.0234375 0.07189542483660132 0.04296875
