0 0.05555555555555556 0.0703125 0.08823529411764706 0.12890625
0 0.2785947712418301 0.060546875 0.07352941176470588 0.1015625
0 0.056372549019607844 0.822265625 0.07352941176470588 0.109375
0 0.12745098039215685 0.85546875 0.06535947712418301 0.09765625
0 0.05555555555555556 0.8828125 0.08496732026143791 0.10546875
0 0.10375816993464053 0.9453125 0.08006535947712419 0.109375
0 0.26062091503267976 0.9248046875 0.08660130718954248 0.130859375
0 0.352124183006536 0.9501953125 0.06045751633986928 0.072265625
0 0.37663398692810457 0.9130859375 0.06045751633986928 0.076171875
0 0.47058823529411764 0.5673828125 0.0784313725490196 0.115234375
0 0.5294117647058824 0.5146484375 0.07189542483660132 0.119140625
0 0.5441176470588236 0.6220703125 0.09150326797385622 0.123046875
0 0.47303921568627455 0.0390625 0.07352941176470588 0.07421875
0 0.6993464052287582 0.4560546875 0.07516339869281045 0.095703125
0 0.8047385620915033 0.26953125 0.06372549019607843 0.10546875
0 0.9673202614379085 0.521484375 0.06535947712418301 0.09765625
