0 0.5547385620915033 0.0546875 0.06699346405228758 0.09375
0 0.6233660130718954 0.208984375 0.08660130718954248 0.12109375
0 0.542483660130719 0.19140625 0.07189542483660132 0.11328125
0 0.2540849673202614 0.3740234375 0.07026143790849673 0.080078125
0 0.12336601307189543 0.3427734375 0.08006535947712419 0.111328125
0 0.05555555555555556 0.35546875 0.07516339869281045 0.12109375
0 0.03839869281045752 0.66796875 0.05065359477124183 0.08203125
0 0.06290849673202614 0.8642578125 0.06045751633986928 0.087890625
0 0.03104575163398693 0.916015625 0.058823529411764705 0.08984375
0 0.06862745098039216 0.9326171875 0.05555555555555556 0.072265625
0 0.3161764705882353 0.55859375 0.05392156862745098 0.0703125
0 0.3684640522875817 0.5205078125 0.10294117647058824 0.134765625
0 0.5882352941176471 0.5830078125 0.08823529411764706 0.134765625
0 0.5261437908496732 0.8544921875 0.06535947712418301 0.111328125
