0 0.1119281045751634 0.1787109375 0.08660130718954248 0.107421875
0 0.2720588235294118 0.130859375 0.08660130718954248 0.109375
0 0.32026143790849676 0.08984375 0.06862745098039216 0.09375
0 0.3243464052287582 0.025390625 0.06699346405228758 0.046875
0 0.6127450980392157 0.208984375 0.08169934640522876 0.109375
0 0.1593137254901961 0.556640625 0.06372549019607843 0.09765625
0 0.4281045751633987 0.3994140625 0.049019607843137254 0.068359375
0 0.5620915032679739 0.69140625 0.07516339869281045 0.10546875
0 0.6380718954248367 0.708984375 0.08986928104575163 0.109375
0 0.6070261437908497 0.80859375 0.07352941176470588 0.10546875
0 0.7132352941176471 0.560546875 0.07679738562091504 0.109375
0 0.9223856209150327 0.4140625 0.07679738562091504 0.09765625
0 0.9084967320261438 0.3505859375 0.06862745098039216 0.068359375
0 0.9150326797385622 0.30078125 0.08169934640522876 0.10546875
0 0.9003267973856209 0.140625 0.08823529411764706 0.11328125
0 0.8700980392156863 0.19921875 0.06699346405228758 0.07421875
