0 0.018790849673202614 0.345703125 0.03431372549019608 0.13671875
0 0.06127450980392157 0.3583984375 0.08986928104575163 0.162109375
0 0.058823529411764705 0.6962890625 0.10130718954248366 0.138671875
0 0.03758169934640523 0.8515625 0.07189542483660132 0.1640625
0 0.1911764705882353 0.310546875 0.09803921568627451 0.1484375
0 0.17483660130718956 0.5107421875 0.09150326797385622 0.130859375
0 0.2426470588235294 0.4697265625 0.10947712418300654 0.154296875
0 0.29411764705882354 0.2333984375 0.06209150326797386 0.126953125
0 0.32679738562091504 0.0625 0.08496732026143791 0.109375
0 0.5555555555555556 0.0634765625 0.09477124183006536 0.123046875
0 0.8504901960784313 0.1162109375 0.11601307189542484 0.142578125
0 0.792483660130719 0.2060546875 0.11764705882352941 0.138671875
0 0.8341503267973857 0.341796875 0.10947712418300654 0.15625
