0 0.3553921568627451 0.5166015625 0.09640522875816994 0.146484375
0 0.49673202614379086 0.0361328125 0.06209150326797386 0.068359375
0 0.4852941176470588 0.6865234375 0.08169934640522876 0.123046875
0 0.5645424836601307 0.6826171875 0.08006535947712419 0.126953125
0 0.5302287581699346 0.7880859375 0.08660130718954248 0.119140625
0 0.8782679738562091 0.3603515625 0.06045751633986928 0.064453125
0 0.9501633986928105 0.376953125 0.07352941176470588 0.09765625
0 0.7246732026143791 0.61328125 0.05392156862745098 0.109375
0 0.7647058823529412 0.6220703125 0.07516339869281045 0.111328125
0 0.8178104575163399 0.6142578125 0.06372549019607843 0.111328125
0 0.9379084967320261 0.6083984375 0.07516339869281045 0.083984375
0 0.9142156862745099 0.6494140625 0.08660130718954248 0.115234375
0 0.9044117647058824 0.73046875 0.09313725490196079 0.10546875
0 0.8717320261437909 0.82421875 0.07679738562091504 0.11328125
0 0.792483660130719 0.771484375 0.08169934640522876 0.09765625
