0 0.24019607843137256 0.2099609375 0.08496732026143791 0.107421875
0 0.24836601307189543 0.298828125 0.07189542483660132 0.10546875
0 0.2957516339869281 0.259765625 0.07516339869281045 0.08203125
0 0.39542483660130723 0.4560546875 0.07516339869281045 0.099609375
0 0.41339869281045755 0.3701171875 0.058823529411764705 0.083984375
0 0.5367647058823529 0.5517578125 0.07026143790849673 0.087890625
0 0.573529411764706 0.587890625 0.06862745098039216 0.09765625
0 0.6290849673202614 0.9150390625 0.08169934640522876 0.107421875
0 0.5767973856209151 0.388671875 0.08169934640522876 0.11328125
0 0.5588235294117647 0.16796875 0.06535947712418301 0.11328125
0 0.619281045751634 0.1806640625 0.07189542483660132 0.115234375
0 0.7630718954248367 0.0341796875 0.05555555555555556 0.064453125
0 0.7834967320261438 0.0966796875 0.06372549019607843 0.107421875
0 0.8308823529411765 0.2333984375 0.06699346405228758 0.099609375
0 0.9084967320261438 0.6748046875 0.06535947712418301 0.107421875
0 0.9607843137254902 0.66796875 0.0784313725490196 0.10546875
