0 0.1527777777777778 0.5234375 0.07026143790849673 0.12890625
0 0.22712418300653595 0.71875 0.09150326797385622 0.13671875
0 0.4673202614379085 0.3857421875 0.08169934640522876 0.119140625
0 0.5988562091503268 0.451171875 0.08006535947712419 0.11328125
0 0.6258169934640523 0.34375 0.06209150326797386 0.09375
0 0.6111111111111112 0.2119140625 0.09150326797385622 0.115234375
0 0.6781045751633987 0.1201171875 0.08169934640522876 0.111328125
0 0.763888888888889 0.1416015625 0.07679738562091504 0.107421875
0 0.7957516339869282 0.4453125 0.0784313725490196 0.08984375
0 0.8905228758169935 0.6259765625 0.058823529411764705 0.083984375
0 0.7704248366013072 0.966796875 0.08660130718954248 0.06640625
0 0.8423202614379085 0.98046875 0.10294117647058824 0.0390625
