0 0.5498366013071896 0.060546875 0.07026143790849673 0.09765625
0 0.07189542483660132 0.4716796875 0.06209150326797386 0.091796875
0 0.32189542483660133 0.7041015625 0.04575163398692811 0.056640625
0 0.46405228758169936 0.5458984375 0.04575163398692811 0.056640625
0 0.4542483660130719 0.318359375 0.05555555555555556 0.06640625
0 0.46405228758169936 0.3603515625 0.058823529411764705 0.064453125
0 0.8415032679738562 0.0458984375 0.06862745098039216 0.072265625
0 0.982843137254902 0.193359375 0.03431372549019608 0.08203125
0 0.8905228758169935 0.5498046875 0.06209150326797386 0.111328125
0 0.880718954248366 0.6826171875 0.06535947712418301 0.083984375
0 0.6748366013071896 0.6181640625 0.058823529411764705 0.095703125
0 0.6299019607843137 0.658203125 0.06372549019607843 0.07421875
0 0.488562091503268 0.6337890625 0.049019607843137254 0.072265625
