0 0.025326797385620915 0.4375 0.04411764705882353 0.12109375
0 0.0784313725490196 0.4580078125 0.08169934640522876 0.130859375
0 0.19362745098039216 0.7109375 0.09967320261437909 0.09765625
0 0.19362745098039216 0.7890625 0.10294117647058824 0.12109375
0 0.3651960784313726 0.462890625 0.07352941176470588 0.0859375
0 0.4338235294117647 0.3486328125 0.06372549019607843 0.072265625
0 0.4411764705882353 0.45703125 0.06535947712418301 0.08984375
0 0.565359477124183 0.0390625 0.09803921568627451 0.07421875
0 0.4877450980392157 0.3046875 0.08333333333333334 0.11328125
0 0.5947712418300654 0.4052734375 0.09150326797385622 0.087890625
0 0.6486928104575164 0.634765625 0.07516339869281045 0.09375
0 0.7099673202614379 0.62890625 0.06699346405228758 0.09375
0 0.6928104575163399 0.3154296875 0.08496732026143791 0.095703125
0 0.8267973856209151 0.287109375 0.07516339869281045 0.1015625
0 0.8815359477124183 0.3330078125 0.08006535947712419 0.107421875
0 0.8937908496732027 0.3994140625 0.07189542483660132 0.091796875
