0 0.05800653594771242 0.212890625 0.08986928104575163 0.140625
0 0.2238562091503268 0.3134765625 0.09477124183006536 0.142578125
0 0.2900326797385621 0.2978515625 0.06699346405228758 0.123046875
0 0.315359477124183 0.1064453125 0.06535947712418301 0.103515625
0 0.369281045751634 0.02734375 0.06209150326797386 0.05078125
0 0.08905228758169935 0.740234375 0.08333333333333334 0.125
0 0.16830065359477125 0.7666015625 0.09150326797385622 0.130859375
0 0.2549019607843137 0.7587890625 0.08169934640522876 0.126953125
0 0.4019607843137255 0.9365234375 0.09477124183006536 0.123046875
0 0.3880718954248366 0.662109375 0.09640522875816994 0.12109375
0 0.4901960784313726 0.64453125 0.08823529411764706 0.125
0 0.8325163398692811 0.8388671875 0.06699346405228758 0.083984375
0 0.821078431372549 0.705078125 0.06699346405228758 0.0859375
0 0.9616013071895425 0.6044921875 0.07679738562091504 0.095703125
0 0.9689542483660131 0.5107421875 0.06209150326797386 0.103515625
0 0.7287581699346406 0.1064453125 0.0784313725490196 0.087890625
0 0.7941176470588236 0.1171875 0.07516339869281045 0.09765625
