0 0.12418300653594772 0.087890625 0.06862745098039216 0.078125
0 0.11356209150326797 0.28125 0.057189542483660136 0.07421875
0 0.1576797385620915 0.3564453125 0.05392156862745098 0.072265625
0 0.11601307189542484 0.5537109375 0.058823529411764705 0.072265625
0 0.4084967320261438 0.4658203125 0.06862745098039216 0.083984375
0 0.2900326797385621 0.6044921875 0.06372549019607843 0.087890625
0 0.22058823529411764 0.6103515625 0.06209150326797386 0.099609375
0 0.26633986928104575 0.728515625 0.06209150326797386 0.078125
0 0.2246732026143791 0.7421875 0.057189542483660136 0.078125
0 0.21323529411764708 0.8056640625 0.057189542483660136 0.080078125
0 0.5629084967320261 0.7890625 0.07679738562091504 0.08203125
0 0.488562091503268 0.6416015625 0.06535947712418301 0.076171875
0 0.6021241830065359 0.697265625 0.06699346405228758 0.07421875
0 0.20915032679738563 0.130859375 0.058823529411764705 0.0625
0 0.2818627450980392 0.0888671875 0.057189542483660136 0.060546875
0 0.37745098039215685 0.138671875 0.07189542483660132 0.0859375
0 0.4395424836601307 0.0419921875 0.06862745098039216 0.072265625
0 0.6756535947712419 0.1591796875 0.07679738562091504 0.091796875
0 0.9681372549019608 0.111328125 0.06372549019607843 0.0859375
