0 0.1568627450980392 0.2255859375 0.06862745098039216 0.099609375
0 0.3464052287581699 0.21484375 0.0784313725490196 0.10546875
0 0.29901960784313725 0.3662109375 0.06862745098039216 0.091796875
0 0.03022875816993464 0.7294921875 0.057189542483660136 0.107421875
0 0.06454248366013073 0.7568359375 0.06699346405228758 0.099609375
0 0.12091503267973856 0.7138671875 0.05228758169934641 0.064453125
0 0.6004901960784313 0.1240234375 0.08006535947712419 0.103515625
0 0.4477124183006536 0.32421875 0.05555555555555556 0.078125
0 0.411764705882353 0.5576171875 0.049019607843137254 0.080078125
0 0.411764705882353 0.673828125 0.06535947712418301 0.078125
0 0.6331699346405228 0.4951171875 0.07679738562091504 0.111328125
0 0.798202614379085 0.486328125 0.06372549019607843 0.09375
0 0.7679738562091504 0.60546875 0.08169934640522876 0.1171875
0 0.6887254901960784 0.7685546875 0.08333333333333334 0.107421875
0 0.6233660130718954 0.7998046875 0.06699346405228758 0.087890625
0 0.6584967320261438 0.83984375 0.06535947712418301 0.08203125
0 0.8937908496732027 0.8544921875 0.058823529411764705 0.072265625
0 0.9150326797385622 0.9033203125 0.05555555555555556 0.068359375
0 0.43218954248366015 0.857421875 0.05065359477124183 0.0625
0 0.3946078431372549 0.8603515625 0.04084967320261438 0.064453125
0 0.46486928104575165 0.8955078125 0.057189542483660136 0.068359375
0 0.4084967320261438 0.908203125 0.05555555555555556 0.06640625
0 0.4109477124183007 0.953125 0.05065359477124183 0.0546875
