0 0.22303921568627452 0.494140625 0.07352941176470588 0.09375
0 0.25653594771241833 0.662109375 0.058823529411764705 0.06640625
0 0.16666666666666669 0.7626953125 0.0784313725490196 0.087890625
0 0.1119281045751634 0.783203125 0.06699346405228758 0.08984375
0 0.38643790849673204 0.9462890625 0.06699346405228758 0.076171875
0 0.5923202614379085 0.6943359375 0.08660130718954248 0.095703125
0 0.6429738562091504 0.669921875 0.057189542483660136 0.0859375
0 0.6813725490196079 0.6875 0.09477124183006536 0.09765625
0 0.7205882352941176 0.794921875 0.08496732026143791 0.109375
0 0.7745098039215687 0.8291015625 0.05228758169934641 0.080078125
0 0.9076797385620915 0.611328125 0.07352941176470588 0.1015625
