0 0.25326797385620914 0.0322265625 0.07189542483660132 0.060546875
0 0.23692810457516342 0.0888671875 0.07189542483660132 0.083984375
0 0.12418300653594772 0.1591796875 0.05228758169934641 0.060546875
0 0.22303921568627452 0.4501953125 0.06699346405228758 0.083984375
0 0.37745098039215685 0.2900390625 0.06862745098039216 0.087890625
0 0.49101307189542487 0.375 0.06699346405228758 0.08984375
0 0.5351307189542484 0.3349609375 0.08660130718954248 0.099609375
0 0.6535947712418301 0.462890625 0.08496732026143791 0.11328125
0 0.7818627450980392 0.4892578125 0.08986928104575163 0.107421875
0 0.9027777777777778 0.2919921875 0.10294117647058824 0.119140625
0 0.9117647058823529 0.1953125 0.10130718954248366 0.109375
0 0.8267973856209151 0.6123046875 0.058823529411764705 0.072265625
0 0.7540849673202614 0.6962890625 0.07026143790849673 0.076171875
0 0.7516339869281046 0.7607421875 0.06209150326797386 0.076171875
