0 0.21977124183006536 0.0634765625 0.06372549019607843 0.083984375
0 0.19444444444444445 0.4140625 0.06535947712418301 0.0859375
0 0.5032679738562091 0.0986328125 0.04575163398692811 0.068359375
0 0.49673202614379086 0.2763671875 0.05228758169934641 0.080078125
0 0.3962418300653595 0.7802734375 0.057189542483660136 0.064453125
0 0.369281045751634 0.8193359375 0.06862745098039216 0.099609375
0 0.4419934640522876 0.8154296875 0.06699346405228758 0.103515625
0 0.4109477124183007 0.8544921875 0.07026143790849673 0.099609375
0 0.5751633986928105 0.708984375 0.06209150326797386 0.08203125
0 0.613562091503268 0.671875 0.07026143790849673 0.1015625
0 0.7197712418300654 0.6416015625 0.06372549019607843 0.103515625
0 0.7704248366013072 0.6171875 0.06372549019607843 0.09765625
0 0.875 0.083984375 0.04738562091503268 0.0625
0 0.940359477124183 0.134765625 0.04738562091503268 0.06640625
