0 0.042483660130718956 0.33984375 0.08169934640522876 0.12109375
0 0.40522875816993464 0.1162109375 0.09150326797385622 0.138671875
0 0.20833333333333334 0.482421875 0.06699346405228758 0.0859375
0 0.2761437908496732 0.4833984375 0.07189542483660132 0.107421875
0 0.39950980392156865 0.6123046875 0.09640522875816994 0.130859375
0 0.49183006535947715 0.66015625 0.06862745098039216 0.10546875
0 0.7401960784313726 0.318359375 0.07189542483660132 0.12890625
0 0.6552287581699346 0.5869140625 0.08169934640522876 0.115234375
0 0.8390522875816994 0.5126953125 0.057189542483660136 0.107421875
0 0.8243464052287582 0.3291015625 0.07026143790849673 0.119140625
0 0.8970588235294118 0.4892578125 0.07189542483660132 0.107421875
