0 0.022875816993464054 0.369140625 0.042483660130718956 0.11328125
0 0.24918300653594772 0.35546875 0.07679738562091504 0.1015625
0 0.23202614379084968 0.4208984375 0.0784313725490196 0.083984375
0 0.38153594771241833 0.3193359375 0.07026143790849673 0.099609375
0 0.40522875816993464 0.3583984375 0.07189542483660132 0.080078125
0 0.6364379084967321 0.4833984375 0.057189542483660136 0.103515625
0 0.29820261437908496 0.6884765625 0.06045751633986928 0.076171875
0 0.07434640522875817 0.7548828125 0.07026143790849673 0.099609375
0 0.16911764705882354 0.74609375 0.08333333333333334 0.1015625
0 0.13725490196078433 0.8154296875 0.08169934640522876 0.107421875
