0 0.10620915032679738 0.5166015625 0.06209150326797386 0.080078125
0 0.2540849673202614 0.576171875 0.07026143790849673 0.08984375
0 0.27369281045751637 0.3759765625 0.07679738562091504 0.091796875
0 0.3374183006535948 0.203125 0.06372549019607843 0.078125
0 0.3627450980392157 0.1787109375 0.05555555555555556 0.068359375
0 0.5629084967320261 0.1220703125 0.07352941176470588 0.095703125
0 0.6380718954248367 0.236328125 0.07679738562091504 0.09375
0 0.690359477124183 0.3427734375 0.06372549019607843 0.060546875
0 0.7369281045751634 0.3095703125 0.06209150326797386 0.091796875
0 0.9820261437908497 0.12890625 0.03594771241830066 0.1171875
0 0.9493464052287582 0.66796875 0.08169934640522876 0.109375
0 0.7426470588235294 0.8056640625 0.08333333333333334 0.103515625
0 0.42728758169934644 0.8115234375 0.06699346405228758 0.087890625
0 0.6446078431372549 0.9521484375 0.08986928104575163 0.083984375
