0 0.07516339869281045 0.7109375 0.06209150326797386 0.08984375
0 0.03431372549019608 0.744140625 0.05555555555555556 0.0703125
0 0.2173202614379085 0.740234375 0.07516339869281045 0.09375
0 0.2173202614379085 0.8486328125 0.07189542483660132 0.091796875
0 0.2957516339869281 0.826171875 0.058823529411764705 0.078125
0 0.3643790849673203 0.849609375 0.08496732026143791 0.09375
0 0.4526143790849673 0.90625 0.07189542483660132 0.0703125
0 0.45996732026143794 0.83984375 0.07352941176470588 0.078125
0 0.5285947712418301 0.9404296875 0.08006535947712419 0.095703125
0 0.6274509803921569 0.8623046875 0.08496732026143791 0.095703125
0 0.696078431372549 0.6953125 0.0784313725490196 0.08984375
