0 0.12826797385620917 0.3427734375 0.09640522875816994 0.123046875
0 0.12336601307189543 0.53125 0.11274509803921569 0.1328125
0 0.1323529411764706 0.703125 0.08823529411764706 0.109375
0 0.10866013071895425 0.7529296875 0.09640522875816994 0.130859375
0 0.49673202614379086 0.8427734375 0.11437908496732027 0.146484375
0 0.6225490196078431 0.1865234375 0.07189542483660132 0.091796875
0 0.6519607843137255 0.2822265625 0.08496732026143791 0.123046875
0 0.638888888888889 0.384765625 0.07189542483660132 0.1015625
0 0.6993464052287582 0.3701171875 0.09150326797385622 0.115234375
0 0.7336601307189543 0.259765625 0.09150326797385622 0.11328125
0 0.7973856209150327 0.16796875 0.08496732026143791 0.1171875
0 0.8970588235294118 0.044921875 0.08169934640522876 0.0859375
0 0.9763071895424837 0.2001953125 0.04738562091503268 0.083984375
0 0.6609477124183006 0.7138671875 0.07352941176470588 0.111328125
0 0.7238562091503268 0.693359375 0.08496732026143791 0.109375
0 0.9240196078431373 0.76171875 0.05392156862745098 0.08203125
0 0.9624183006535948 0.798828125 0.05555555555555556 0.078125
