0 0.2312091503267974 0.5703125 0.09313725490196079 0.09375
0 0.33251633986928103 0.6103515625 0.09640522875816994 0.107421875
0 0.411764705882353 0.6748046875 0.06862745098039216 0.091796875
0 0.428921568627451 0.740234375 0.08006535947712419 0.1015625
0 0.5874183006535948 0.2333984375 0.07679738562091504 0.099609375
0 0.7434640522875817 0.1875 0.05228758169934641 0.06640625
0 0.6642156862745098 0.2626953125 0.07352941176470588 0.095703125
0 0.7083333333333334 0.6083984375 0.07026143790849673 0.103515625
0 0.7761437908496732 0.703125 0.09477124183006536 0.12109375
0 0.8259803921568628 0.826171875 0.05392156862745098 0.06640625
0 0.6658496732026143 0.7626953125 0.09313725490196079 0.134765625
0 0.7434640522875817 0.8271484375 0.08496732026143791 0.115234375
