0 0.5253267973856209 0.5322265625 0.07352941176470588 0.103515625
0 0.3137254901960784 0.6787109375 0.09150326797385622 0.130859375
0 0.5049019607843137 0.7080078125 0.06535947712418301 0.091796875
0 0.4959150326797386 0.8115234375 0.06045751633986928 0.076171875
0 0.45179738562091504 0.931640625 0.06045751633986928 0.09375
0 0.34477124183006536 0.9755859375 0.06209150326797386 0.048828125
0 0.2704248366013072 0.8310546875 0.09967320261437909 0.138671875
0 0.19035947712418302 0.8603515625 0.08660130718954248 0.107421875
0 0.16094771241830066 0.8056640625 0.05392156862745098 0.068359375
0 0.07679738562091504 0.8134765625 0.05228758169934641 0.064453125
0 0.03431372549019608 0.8466796875 0.06209150326797386 0.099609375
