0 0.8774509803921569 0.1533203125 0.07189542483660132 0.087890625
0 0.5980392156862745 0.30859375 0.08169934640522876 0.09765625
0 0.3194444444444445 0.353515625 0.08006535947712419 0.08984375
0 0.23366013071895425 0.349609375 0.06209150326797386 0.08203125
0 0.1895424836601307 0.32421875 0.06862745098039216 0.07421875
0 0.1576797385620915 0.2744140625 0.07352941176470588 0.091796875
0 0.12336601307189543 0.27734375 0.05065359477124183 0.0859375
0 0.056372549019607844 0.509765625 0.06372549019607843 0.08203125
0 0.03104575163398693 0.6220703125 0.058823529411764705 0.099609375
0 0.20016339869281047 0.662109375 0.06699346405228758 0.078125
0 0.18872549019607843 0.7548828125 0.07679738562091504 0.091796875
0 0.2450980392156863 0.7041015625 0.0784313725490196 0.083984375
0 0.2900326797385621 0.82421875 0.06372549019607843 0.08984375
0 0.3235294117647059 0.794921875 0.07516339869281045 0.0859375
0 0.23366013071895425 0.95703125 0.0784313725490196 0.08203125
0 0.44607843137254904 0.7705078125 0.06862745098039216 0.095703125
0 0.5089869281045751 0.9052734375 0.08006535947712419 0.095703125
0 0.7091503267973857 0.5830078125 0.09803921568627451 0.111328125
