0 0.2696078431372549 0.1572265625 0.08496732026143791 0.119140625
0 0.37173202614379086 0.130859375 0.07026143790849673 0.1171875
0 0.04820261437908497 0.5986328125 0.09313725490196079 0.154296875
0 0.1642156862745098 0.716796875 0.06372549019607843 0.09765625
0 0.19362745098039216 0.810546875 0.08986928104575163 0.13671875
0 0.4428104575163399 0.353515625 0.09803921568627451 0.125
0 0.505718954248366 0.255859375 0.08660130718954248 0.1328125
0 0.5433006535947713 0.3583984375 0.08006535947712419 0.126953125
0 0.6151960784313726 0.328125 0.07679738562091504 0.125
0 0.638888888888889 0.1220703125 0.08169934640522876 0.126953125
0 0.6478758169934641 0.537109375 0.07026143790849673 0.11328125
0 0.7075163398692811 0.537109375 0.06535947712418301 0.1015625
0 0.7156862745098039 0.357421875 0.0784313725490196 0.10546875
0 0.755718954248366 0.314453125 0.06372549019607843 0.078125
0 0.9477124183006537 0.0498046875 0.058823529411764705 0.083984375
0 0.9428104575163399 0.390625 0.07516339869281045 0.11328125
0 0.8897058823529412 0.4375 0.07679738562091504 0.109375
