0 0.26143790849673204 0.5791015625 0.0784313725490196 0.115234375
0 0.8815359477124183 0.056640625 0.06699346405228758 0.09765625
0 0.45179738562091504 0.603515625 0.07352941176470588 0.0703125
0 0.46405228758169936 0.666015625 0.10784313725490197 0.125
0 0.4877450980392157 0.7490234375 0.09313725490196079 0.123046875
0 0.6021241830065359 0.9296875 0.07679738562091504 0.09765625
0 0.8333333333333334 0.7099609375 0.0784313725490196 0.123046875
0 0.8921568627450981 0.72265625 0.10130718954248366 0.13671875
0 0.7892156862745098 0.9169921875 0.08169934640522876 0.138671875
0 0.763888888888889 0.9501953125 0.09640522875816994 0.099609375
