0 0.33333333333333337 0.072265625 0.08496732026143791 0.11328125
0 0.38153594771241833 0.064453125 0.04411764705882353 0.06640625
0 0.35784313725490197 0.1259765625 0.058823529411764705 0.064453125
0 0.4852941176470588 0.0947265625 0.0784313725490196 0.115234375
0 0.5669934640522876 0.205078125 0.08823529411764706 0.11328125
0 0.7990196078431373 0.3544921875 0.06862745098039216 0.103515625
0 0.7148692810457516 0.3837890625 0.04411764705882353 0.064453125
0 0.9321895424836601 0.23046875 0.07352941176470588 0.11328125
0 0.9616013071895425 0.310546875 0.07679738562091504 0.109375
0 0.9428104575163399 0.5283203125 0.07189542483660132 0.099609375
0 0.049019607843137254 0.2001953125 0.05555555555555556 0.080078125
0 0.45588235294117646 0.4697265625 0.05555555555555556 0.080078125
0 0.4256535947712418 0.484375 0.04411764705882353 0.0703125
0 0.4166666666666667 0.5419921875 0.058823529411764705 0.076171875
0 0.08905228758169935 0.7041015625 0.06372549019607843 0.087890625
0 0.06209150326797386 0.7744140625 0.06535947712418301 0.095703125
0 0.0196078431372549 0.78125 0.03594771241830066 0.0703125
0 0.29820261437908496 0.6943359375 0.05065359477124183 0.072265625
0 0.45996732026143794 0.7763671875 0.04738562091503268 0.068359375
0 0.40604575163398693 0.71484375 0.04738562091503268 0.06640625
0 0.5114379084967321 0.8134765625 0.04575163398692811 0.060546875
0 0.34068627450980393 0.765625 0.04411764705882353 0.0546875
0 0.2622549019607843 0.8388671875 0.05392156862745098 0.068359375
0 0.2238562091503268 0.896484375 0.049019607843137254 0.0625
0 0.2312091503267974 0.83203125 0.04084967320261438 0.05859375
0 0.30800653594771243 0.8056640625 0.04411764705882353 0.056640625
0 0.9754901960784313 0.76171875 0.0392156862745098 0.05859375
0 0.75 0.8662109375 0.04575163398692811 0.056640625
