0 0.5629084967320261 0.1103515625 0.07026143790849673 0.095703125
0 0.6184640522875817 0.07421875 0.06372549019607843 0.0703125
0 0.5784313725490197 0.1748046875 0.06209150326797386 0.056640625
0 0.6184640522875817 0.1396484375 0.057189542483660136 0.091796875
0 0.667483660130719 0.140625 0.06045751633986928 0.08984375
0 0.7867647058823529 0.2998046875 0.04411764705882353 0.064453125
0 0.5915032679738562 0.23046875 0.05228758169934641 0.0625
0 0.6070261437908497 0.8056640625 0.06372549019607843 0.080078125
0 0.5996732026143791 0.8603515625 0.06209150326797386 0.083984375
0 0.6405228758169935 0.9208984375 0.06209150326797386 0.083984375
0 0.5694444444444444 0.484375 0.03758169934640523 0.0546875
0 0.7777777777777778 0.02734375 0.05228758169934641 0.05078125
