0 0.3186274509803922 0.275390625 0.08496732026143791 0.09375
0 0.19771241830065361 0.0283203125 0.08496732026143791 0.052734375
0 0.1895424836601307 0.431640625 0.09477124183006536 0.09765625
0 0.12091503267973856 0.5361328125 0.08823529411764706 0.103515625
0 0.03104575163398693 0.5498046875 0.05555555555555556 0.115234375
0 0.15441176470588236 0.65234375 0.06699346405228758 0.0703125
0 0.28431372549019607 0.640625 0.05555555555555556 0.08203125
0 0.3415032679738562 0.646484375 0.06862745098039216 0.08203125
0 0.3227124183006536 0.720703125 0.07679738562091504 0.078125
0 0.4281045751633987 0.458984375 0.058823529411764705 0.06640625
0 0.4795751633986928 0.4462890625 0.057189542483660136 0.080078125
0 0.5686274509803921 0.4326171875 0.06209150326797386 0.083984375
0 0.6715686274509804 0.224609375 0.11437908496732027 0.125
0 0.8856209150326798 0.375 0.10130718954248366 0.12890625
0 0.9354575163398693 0.2880859375 0.09313725490196079 0.138671875
