0 0.19362745098039216 0.2080078125 0.06372549019607843 0.080078125
0 0.44689542483660133 0.216796875 0.057189542483660136 0.08203125
0 0.45996732026143794 0.4443359375 0.06045751633986928 0.068359375
0 0.06045751633986928 0.6005859375 0.0784313725490196 0.095703125
0 0.16013071895424838 0.63671875 0.08169934640522876 0.1015625
0 0.3088235294117647 0.6376953125 0.07189542483660132 0.083984375
0 0.3937908496732026 0.685546875 0.06209150326797386 0.09765625
0 0.33496732026143794 0.80859375 0.0784313725490196 0.08984375
0 0.45098039215686275 0.8505859375 0.05228758169934641 0.076171875
0 0.4877450980392157 0.8330078125 0.06372549019607843 0.091796875
0 0.7679738562091504 0.7919921875 0.08496732026143791 0.107421875
0 0.6535947712418301 0.2744140625 0.06535947712418301 0.083984375
0 0.7900326797385621 0.23828125 0.07026143790849673 0.08984375
0 0.8431372549019608 0.23828125 0.06862745098039216 0.0859375
0 0.9787581699346406 0.419921875 0.042483660130718956 0.08984375
