0 0.0784313725490196 0.46484375 0.08496732026143791 0.109375
0 0.12336601307189543 0.5478515625 0.07352941176470588 0.083984375
0 0.17647058823529413 0.578125 0.05555555555555556 0.07421875
0 0.39869281045751637 0.3173828125 0.11437908496732027 0.130859375
0 0.3513071895424837 0.6630859375 0.0784313725490196 0.099609375
0 0.38153594771241833 0.744140625 0.08006535947712419 0.08984375
0 0.5408496732026143 0.2568359375 0.0784313725490196 0.107421875
0 0.5882352941176471 0.4091796875 0.10457516339869281 0.126953125
0 0.7230392156862745 0.8603515625 0.06699346405228758 0.087890625
0 0.7475490196078431 0.9423828125 0.04738562091503268 0.076171875
0 0.8415032679738562 0.890625 0.05228758169934641 0.078125
0 0.9191176470588236 0.3154296875 0.06699346405228758 0.076171875
0 0.9616013071895425 0.4384765625 0.05392156862745098 0.064453125
0 0.9248366013071896 0.5166015625 0.06209150326797386 0.072265625
