0 0.6160130718954249 0.099609375 0.08823529411764706 0.1015625
0 0.7165032679738562 0.2685546875 0.057189542483660136 0.072265625
0 0.29983660130718953 0.3896484375 0.057189542483660136 0.083984375
0 0.2630718954248366 0.427734375 0.058823529411764705 0.0859375
0 0.4477124183006536 0.4599609375 0.07189542483660132 0.083984375
0 0.3014705882352941 0.5400390625 0.06372549019607843 0.080078125
0 0.36356209150326796 0.5361328125 0.06045751633986928 0.091796875
0 0.4387254901960784 0.5537109375 0.057189542483660136 0.099609375
0 0.3978758169934641 0.6904296875 0.07026143790849673 0.095703125
0 0.3602941176470588 0.79296875 0.07679738562091504 0.09375
0 0.5318627450980392 0.8505859375 0.08333333333333334 0.091796875
0 0.4477124183006536 0.8955078125 0.08823529411764706 0.091796875
0 0.880718954248366 0.638671875 0.07516339869281045 0.0859375
0 0.7990196078431373 0.0576171875 0.07189542483660132 0.068359375
0 0.8022875816993464 0.1162109375 0.07189542483660132 0.080078125
