0 0.032679738562091505 0.6748046875 0.06209150326797386 0.087890625
0 0.29983660130718953 0.8935546875 0.06045751633986928 0.080078125
0 0.3161764705882353 0.943359375 0.04738562091503268 0.0625
0 0.35947712418300654 0.7470703125 0.06209150326797386 0.072265625
0 0.5645424836601307 0.4736328125 0.05392156862745098 0.064453125
0 0.6102941176470589 0.6298828125 0.04738562091503268 0.068359375
0 0.5906862745098039 0.6953125 0.06699346405228758 0.09765625
0 0.7777777777777778 0.4013671875 0.06862745098039216 0.103515625
0 0.9705882352941176 0.5166015625 0.058823529411764705 0.107421875
0 0.9158496732026145 0.5283203125 0.07352941176470588 0.107421875
