0 0.05555555555555556 0.1904296875 0.06862745098039216 0.123046875
0 0.03104575163398693 0.25390625 0.058823529411764705 0.12890625
0 0.07598039215686275 0.3388671875 0.07352941176470588 0.107421875
0 0.5163398692810458 0.2607421875 0.07516339869281045 0.087890625
0 0.45915032679738566 0.7392578125 0.05228758169934641 0.072265625
0 0.630718954248366 0.8603515625 0.05555555555555556 0.087890625
0 0.732843137254902 0.3125 0.07352941176470588 0.10546875
0 0.03349673202614379 0.5078125 0.057189542483660136 0.06640625
0 0.04411764705882353 0.5390625 0.042483660130718956 0.05078125
0 0.7107843137254902 0.134765625 0.07516339869281045 0.08203125
0 0.7475490196078431 0.255859375 0.04738562091503268 0.06640625
0 0.815359477124183 0.1494140625 0.058823529411764705 0.087890625
0 0.8758169934640523 0.2431640625 0.06535947712418301 0.083984375
