0 0.16993464052287582 0.0498046875 0.08823529411764706 0.095703125
0 0.4109477124183007 0.20703125 0.09313725490196079 0.09765625
0 0.47385620915032683 0.1748046875 0.06862745098039216 0.060546875
0 0.4673202614379085 0.232421875 0.06535947712418301 0.09375
0 0.6707516339869282 0.0546875 0.05065359477124183 0.06640625
0 0.7181372549019608 0.0439453125 0.06045751633986928 0.072265625
0 0.8455882352941176 0.3701171875 0.06045751633986928 0.083984375
0 0.8627450980392157 0.40625 0.05228758169934641 0.078125
0 0.9763071895424837 0.43359375 0.04738562091503268 0.07421875
0 0.9493464052287582 0.4736328125 0.04575163398692811 0.080078125
0 0.9207516339869282 0.51171875 0.057189542483660136 0.09375
0 0.9272875816993464 0.951171875 0.06045751633986928 0.08203125
