0 0.2728758169934641 0.2919921875 0.06535947712418301 0.111328125
0 0.48366013071895425 0.0419921875 0.06209150326797386 0.072265625
0 0.10294117647058824 0.701171875 0.06535947712418301 0.06640625
0 0.10130718954248366 0.748046875 0.07516339869281045 0.1015625
0 0.24183006535947713 0.611328125 0.06535947712418301 0.1015625
0 0.32026143790849676 0.474609375 0.06209150326797386 0.08203125
0 0.34885620915032683 0.5712890625 0.06045751633986928 0.083984375
0 0.42647058823529416 0.41015625 0.0392156862745098 0.0625
0 0.619281045751634 0.146484375 0.06535947712418301 0.10546875
0 0.5776143790849674 0.5537109375 0.05392156862745098 0.080078125
0 0.6200980392156863 0.5654296875 0.05065359477124183 0.083984375
0 0.6290849673202614 0.626953125 0.05228758169934641 0.078125
0 0.7263071895424836 0.423828125 0.07026143790849673 0.0859375
0 0.7222222222222222 0.5400390625 0.06862745098039216 0.095703125
0 0.7712418300653595 0.287109375 0.06209150326797386 0.09765625
0 0.8308823529411765 0.271484375 0.06699346405228758 0.0859375
0 0.948529411764706 0.1953125 0.06045751633986928 0.09375
0 0.934640522875817 0.3369140625 0.05555555555555556 0.087890625
0 0.8643790849673203 0.3671875 0.0784313725490196 0.10546875
0 0.8129084967320261 0.451171875 0.06372549019607843 0.09765625
0 0.9027777777777778 0.44140625 0.07352941176470588 0.0859375
