0 0.05555555555555556 0.265625 0.10130718954248366 0.1015625
0 0.04411764705882353 0.3408203125 0.08496732026143791 0.107421875
0 0.08333333333333334 0.3857421875 0.07189542483660132 0.080078125
0 0.1503267973856209 0.4091796875 0.08169934640522876 0.099609375
0 0.26062091503267976 0.3369140625 0.06699346405228758 0.080078125
0 0.286764705882353 0.2177734375 0.06372549019607843 0.083984375
0 0.33169934640522875 0.205078125 0.08496732026143791 0.08984375
0 0.31290849673202614 0.296875 0.06699346405228758 0.0703125
0 0.33905228758169936 0.3740234375 0.07679738562091504 0.091796875
0 0.513888888888889 0.1787109375 0.07026143790849673 0.083984375
0 0.17647058823529413 0.75 0.09150326797385622 0.09765625
0 0.31699346405228757 0.75 0.07516339869281045 0.1015625
0 0.375 0.7216796875 0.06699346405228758 0.087890625
0 0.3937908496732026 0.828125 0.07516339869281045 0.09765625
0 0.4166666666666667 0.8740234375 0.07516339869281045 0.083984375
0 0.5302287581699346 0.8779296875 0.08333333333333334 0.095703125
0 0.5114379084967321 0.71484375 0.08496732026143791 0.09375
0 0.6887254901960784 0.095703125 0.05392156862745098 0.0546875
0 0.7189542483660131 0.134765625 0.042483660130718956 0.0625
0 0.6879084967320261 0.15625 0.049019607843137254 0.0546875
0 0.75 0.5830078125 0.04575163398692811 0.064453125
0 0.7851307189542484 0.58984375 0.04738562091503268 0.06640625
0 0.9166666666666667 0.86328125 0.04575163398692811 0.06640625
0 0.7598039215686275 0.7412109375 0.06862745098039216 0.064453125
0 0.8660130718954249 0.8779296875 0.058823529411764705 0.072265625
0 0.6625816993464052 0.908203125 0.07679738562091504 0.08984375
0 0.7565359477124183 0.9140625 0.05228758169934641 0.06640625
0 0.8194444444444444 0.9716796875 0.057189542483660136 0.056640625
