0 0.3643790849673203 0.1552734375 0.06535947712418301 0.091796875
0 0.565359477124183 0.1455078125 0.04575163398692811 0.080078125
0 0.6772875816993464 0.3349609375 0.06045751633986928 0.083984375
0 0.6290849673202614 0.3623046875 0.05228758169934641 0.076171875
0 0.5776143790849674 0.357421875 0.057189542483660136 0.08203125
0 0.7851307189542484 0.5380859375 0.06699346405228758 0.095703125
0 0.8276143790849674 0.5810546875 0.07352941176470588 0.091796875
0 0.7075163398692811 0.6005859375 0.058823529411764705 0.087890625
0 0.7908496732026145 0.7294921875 0.06862745098039216 0.083984375
0 0.7916666666666667 0.798828125 0.07026143790849673 0.08203125
0 0.5800653594771242 0.728515625 0.06862745098039216 0.0859375
0 0.5179738562091504 0.7333984375 0.06535947712418301 0.103515625
0 0.4207516339869281 0.7724609375 0.04738562091503268 0.068359375
0 0.630718954248366 0.814453125 0.07516339869281045 0.08984375
0 0.6511437908496732 0.853515625 0.06045751633986928 0.08203125
0 0.5629084967320261 0.8681640625 0.04738562091503268 0.099609375
0 0.5531045751633987 0.7939453125 0.06372549019607843 0.072265625
0 0.5179738562091504 0.87109375 0.06209150326797386 0.109375
