0 0.2450980392156863 0.1259765625 0.08496732026143791 0.115234375
0 0.08496732026143791 0.353515625 0.07516339869281045 0.09765625
0 0.125 0.4443359375 0.08660130718954248 0.095703125
0 0.16013071895424838 0.419921875 0.05555555555555556 0.0703125
0 0.04084967320261438 0.6474609375 0.07189542483660132 0.099609375
0 0.18382352941176472 0.88671875 0.06699346405228758 0.09375
0 0.3374183006535948 0.51953125 0.10294117647058824 0.140625
0 0.4526143790849673 0.2939453125 0.10784313725490197 0.103515625
0 0.5147058823529412 0.189453125 0.08823529411764706 0.12109375
0 0.5612745098039216 0.5751953125 0.09967320261437909 0.126953125
0 0.6339869281045751 0.5048828125 0.09803921568627451 0.134765625
0 0.738562091503268 0.0810546875 0.08823529411764706 0.103515625
0 0.7009803921568628 0.1962890625 0.08169934640522876 0.107421875
0 0.7189542483660131 0.216796875 0.09477124183006536 0.078125
0 0.8398692810457516 0.2666015625 0.06862745098039216 0.099609375
0 0.8047385620915033 0.306640625 0.07352941176470588 0.09375
0 0.8619281045751634 0.7900390625 0.057189542483660136 0.080078125
0 0.9207516339869282 0.8125 0.06372549019607843 0.08984375
0 0.9558823529411765 0.7685546875 0.06209150326797386 0.083984375
