0 0.08660130718954248 0.3115234375 0.058823529411764705 0.080078125
0 0.12663398692810457 0.404296875 0.06372549019607843 0.08203125
0 0.10866013071895425 0.787109375 0.05392156862745098 0.078125
0 0.05228758169934641 0.9560546875 0.05555555555555556 0.087890625
0 0.10130718954248366 0.974609375 0.06209150326797386 0.05078125
0 0.10866013071895425 0.9423828125 0.04738562091503268 0.056640625
0 0.20915032679738563 0.2705078125 0.07189542483660132 0.099609375
0 0.2377450980392157 0.3583984375 0.06045751633986928 0.080078125
0 0.3790849673202614 0.14453125 0.06209150326797386 0.10546875
0 0.440359477124183 0.16015625 0.08333333333333334 0.1015625
0 0.7263071895424836 0.25390625 0.07352941176470588 0.11328125
0 0.8227124183006537 0.4072265625 0.06699346405228758 0.087890625
0 0.9305555555555556 0.55078125 0.05065359477124183 0.06640625
0 0.8717320261437909 0.8408203125 0.04411764705882353 0.060546875
0 0.8995098039215687 0.8525390625 0.05392156862745098 0.072265625
