0 0.10212418300653595 0.2265625 0.10620915032679738 0.12890625
0 0.18055555555555555 0.3056640625 0.09967320261437909 0.126953125
0 0.2181372549019608 0.7626953125 0.08660130718954248 0.095703125
0 0.23284313725490197 0.8544921875 0.07679738562091504 0.087890625
0 0.3545751633986928 0.947265625 0.08496732026143791 0.0859375
0 0.41339869281045755 0.9384765625 0.06535947712418301 0.064453125
0 0.5580065359477124 0.5771484375 0.13562091503267976 0.146484375
0 0.6323529411764706 0.7236328125 0.11437908496732027 0.080078125
0 0.6217320261437909 0.796875 0.12581699346405228 0.12109375
0 0.7303921568627452 0.77734375 0.10457516339869281 0.125
0 0.8513071895424836 0.3583984375 0.08823529411764706 0.142578125
0 0.9419934640522876 0.4287109375 0.08006535947712419 0.154296875
0 0.917483660130719 0.1279296875 0.10620915032679738 0.119140625
0 0.9648692810457516 0.0576171875 0.07026143790849673 0.111328125
