0 0.19526143790849673 0.0615234375 0.05065359477124183 0.072265625
0 0.2647058823529412 0.0986328125 0.06209150326797386 0.083984375
0 0.4027777777777778 0.2197265625 0.05065359477124183 0.080078125
0 0.06454248366013073 0.431640625 0.05392156862745098 0.08203125
0 0.20261437908496732 0.4638671875 0.06535947712418301 0.087890625
0 0.18055555555555555 0.5439453125 0.07026143790849673 0.099609375
0 0.2573529411764706 0.5244140625 0.08660130718954248 0.119140625
0 0.3047385620915033 0.5078125 0.057189542483660136 0.078125
0 0.3014705882352941 0.5986328125 0.05392156862745098 0.076171875
0 0.24183006535947713 0.7763671875 0.05228758169934641 0.076171875
0 0.3709150326797386 0.3984375 0.06862745098039216 0.109375
0 0.37745098039215685 0.4912109375 0.06862745098039216 0.083984375
0 0.9730392156862745 0.861328125 0.05392156862745098 0.078125
0 0.977124183006536 0.423828125 0.04575163398692811 0.08203125
