0 0.21241830065359477 0.08203125 0.049019607843137254 0.078125
0 0.28431372549019607 0.111328125 0.05555555555555556 0.0703125
0 0.3570261437908497 0.12109375 0.05065359477124183 0.05859375
0 0.26062091503267976 0.33203125 0.06699346405228758 0.109375
0 0.13970588235294118 0.6748046875 0.07026143790849673 0.103515625
0 0.24591503267973858 0.5439453125 0.07026143790849673 0.107421875
0 0.4354575163398693 0.4228515625 0.06372549019607843 0.103515625
0 0.5302287581699346 0.404296875 0.06699346405228758 0.09765625
0 0.3366013071895425 0.66015625 0.06862745098039216 0.08984375
0 0.3619281045751634 0.7802734375 0.07679738562091504 0.111328125
0 0.4207516339869281 0.6572265625 0.06372549019607843 0.099609375
0 0.5228758169934641 0.7470703125 0.07189542483660132 0.099609375
0 0.5155228758169935 0.6357421875 0.057189542483660136 0.076171875
0 0.5204248366013072 0.560546875 0.06699346405228758 0.109375
0 0.573529411764706 0.5654296875 0.06209150326797386 0.095703125
0 0.7524509803921569 0.921875 0.07026143790849673 0.09765625
0 0.7998366013071896 0.62109375 0.08333333333333334 0.109375
0 0.9501633986928105 0.783203125 0.04738562091503268 0.0703125
0 0.9820261437908497 0.3291015625 0.03594771241830066 0.068359375
0 0.9722222222222222 0.1162109375 0.05555555555555556 0.080078125
0 0.9795751633986929 0.0625 0.04084967320261438 0.07421875
