0 0.30800653594771243 0.1201171875 0.05065359477124183 0.080078125
0 0.2973856209150327 0.169921875 0.06535947712418301 0.06640625
0 0.43709150326797386 0.087890625 0.05392156862745098 0.06640625
0 0.4109477124183007 0.224609375 0.06045751633986928 0.08203125
0 0.3374183006535948 0.2216796875 0.05065359477124183 0.072265625
0 0.18218954248366015 0.4833984375 0.06699346405228758 0.091796875
0 0.15604575163398693 0.6298828125 0.07679738562091504 0.083984375
0 0.06372549019607843 0.8056640625 0.08169934640522876 0.099609375
0 0.4722222222222222 0.64453125 0.10784313725490197 0.12890625
0 0.41339869281045755 0.9345703125 0.10784313725490197 0.115234375
0 0.5261437908496732 0.5791015625 0.10457516339869281 0.111328125
0 0.9207516339869282 0.5576171875 0.11274509803921569 0.154296875
0 0.9313725490196079 0.6494140625 0.10130718954248366 0.103515625
0 0.8839869281045752 0.7724609375 0.10784313725490197 0.134765625
0 0.8080065359477124 0.6044921875 0.08006535947712419 0.072265625
0 0.9362745098039216 0.8115234375 0.07516339869281045 0.087890625
0 0.9076797385620915 0.8837890625 0.08986928104575163 0.107421875
