0 0.03594771241830066 0.0361328125 0.06862745098039216 0.068359375
0 0.2426470588235294 0.080078125 0.09313725490196079 0.1171875
0 0.38071895424836605 0.0517578125 0.09150326797385622 0.099609375
0 0.47385620915032683 0.2978515625 0.10457516339869281 0.134765625
0 0.5490196078431373 0.40625 0.09803921568627451 0.125
0 0.9313725490196079 0.556640625 0.06535947712418301 0.1015625
0 0.7785947712418301 0.234375 0.07026143790849673 0.09375
0 0.9305555555555556 0.154296875 0.10294117647058824 0.12890625
0 0.9428104575163399 0.09765625 0.10784313725490197 0.12890625
0 0.9501633986928105 0.23046875 0.09967320261437909 0.12890625
0 0.9722222222222222 0.9638671875 0.05555555555555556 0.072265625
