0 0.05065359477124183 0.509765625 0.05228758169934641 0.07421875
0 0.08415032679738563 0.1787109375 0.06699346405228758 0.091796875
0 0.15359477124183007 0.2099609375 0.0784313725490196 0.107421875
0 0.1911764705882353 0.1669921875 0.07516339869281045 0.103515625
0 0.0392156862745098 0.0244140625 0.05555555555555556 0.044921875
0 0.08006535947712419 0.017578125 0.05555555555555556 0.03125
0 0.41258169934640526 0.3408203125 0.07026143790849673 0.099609375
0 0.46405228758169936 0.3447265625 0.06535947712418301 0.091796875
0 0.4362745098039216 0.4228515625 0.0784313725490196 0.099609375
0 0.6813725490196079 0.2509765625 0.06535947712418301 0.091796875
0 0.7459150326797386 0.265625 0.08006535947712419 0.109375
0 0.8929738562091504 0.671875 0.06699346405228758 0.09375
0 0.9852941176470589 0.609375 0.029411764705882353 0.0859375
0 0.6160130718954249 0.8798828125 0.08496732026143791 0.103515625
0 0.6511437908496732 0.943359375 0.09313725490196079 0.109375
0 0.5049019607843137 0.962890625 0.08823529411764706 0.07421875
