0 0.03676470588235294 0.11328125 0.06699346405228758 0.09765625
0 0.17973856209150327 0.193359375 0.08496732026143791 0.1015625
0 0.0784313725490196 0.341796875 0.09150326797385622 0.09765625
0 0.2450980392156863 0.35546875 0.09150326797385622 0.10546875
0 0.1388888888888889 0.4521484375 0.08823529411764706 0.095703125
0 0.21241830065359477 0.6044921875 0.08496732026143791 0.087890625
0 0.2549019607843137 0.4912109375 0.0784313725490196 0.080078125
0 0.25653594771241833 0.62890625 0.06862745098039216 0.0703125
0 0.3700980392156863 0.4755859375 0.09640522875816994 0.119140625
0 0.38153594771241833 0.5576171875 0.06372549019607843 0.076171875
0 0.4411764705882353 0.2607421875 0.09150326797385622 0.119140625
0 0.494281045751634 0.1630859375 0.08660130718954248 0.103515625
0 0.4534313725490196 0.3515625 0.08660130718954248 0.09375
0 0.4493464052287582 0.4287109375 0.09477124183006536 0.115234375
0 0.5130718954248367 0.439453125 0.08169934640522876 0.11328125
0 0.513888888888889 0.5302734375 0.10294117647058824 0.111328125
0 0.6029411764705882 0.568359375 0.08169934640522876 0.08984375
0 0.8063725490196079 0.5791015625 0.08006535947712419 0.111328125
0 0.9452614379084968 0.8095703125 0.10620915032679738 0.126953125
0 0.15114379084967322 0.0791015625 0.07352941176470588 0.072265625
