0 0.08741830065359478 0.1728515625 0.08333333333333334 0.095703125
0 0.04738562091503268 0.2451171875 0.0784313725490196 0.091796875
0 0.25163398692810457 0.5361328125 0.08169934640522876 0.087890625
0 0.23202614379084968 0.73828125 0.05555555555555556 0.078125
0 0.1854575163398693 0.77734375 0.07352941176470588 0.0703125
0 0.1650326797385621 0.8349609375 0.07516339869281045 0.068359375
0 0.3276143790849673 0.666015625 0.08660130718954248 0.0859375
0 0.3758169934640523 0.54296875 0.06535947712418301 0.0859375
0 0.411764705882353 0.3896484375 0.0784313725490196 0.091796875
0 0.47385620915032683 0.5830078125 0.06862745098039216 0.095703125
0 0.513888888888889 0.6904296875 0.06699346405228758 0.064453125
0 0.5702614379084967 0.5810546875 0.06535947712418301 0.080078125
0 0.6266339869281046 0.48828125 0.06372549019607843 0.0859375
0 0.6707516339869282 0.5517578125 0.07352941176470588 0.087890625
0 0.6715686274509804 0.7490234375 0.058823529411764705 0.068359375
0 0.6503267973856209 0.814453125 0.05228758169934641 0.078125
0 0.6601307189542484 0.9189453125 0.07189542483660132 0.083984375
0 0.8611111111111112 0.3076171875 0.07189542483660132 0.111328125
0 0.9166666666666667 0.32421875 0.09150326797385622 0.125
0 0.7973856209150327 0.5556640625 0.05555555555555556 0.072265625
0 0.8447712418300654 0.5205078125 0.06209150326797386 0.083984375
0 0.8839869281045752 0.498046875 0.06209150326797386 0.0859375
0 0.9117647058823529 0.5595703125 0.06862745098039216 0.083984375
0 0.9681372549019608 0.5830078125 0.057189542483660136 0.099609375
0 0.9379084967320261 0.619140625 0.06862745098039216 0.09765625
0 0.9705882352941176 0.67578125 0.058823529411764705 0.08203125
0 0.9689542483660131 0.072265625 0.06209150326797386 0.1015625
0 0.982843137254902 0.8828125 0.03431372549019608 0.0859375
0 0.5882352941176471 0.0625 0.06862745098039216 0.06640625
0 0.48366013071895425 0.0244140625 0.06209150326797386 0.044921875
0 0.4084967320261438 0.0439453125 0.05555555555555556 0.064453125
0 0.3496732026143791 0.0546875 0.05228758169934641 0.06640625
