0 0.03349673202614379 0.423828125 0.06372549019607843 0.109375
0 0.0196078431372549 0.2744140625 0.03594771241830066 0.103515625
0 0.1527777777777778 0.1943359375 0.09313725490196079 0.111328125
0 0.32679738562091504 0.1943359375 0.07516339869281045 0.095703125
0 0.4207516339869281 0.126953125 0.08333333333333334 0.1171875
0 0.41748366013071897 0.275390625 0.08986928104575163 0.12109375
0 0.056372549019607844 0.7138671875 0.07679738562091504 0.076171875
0 0.11683006535947713 0.7255859375 0.06045751633986928 0.060546875
0 0.9468954248366014 0.171875 0.09313725490196079 0.12109375
0 0.7516339869281046 0.447265625 0.05228758169934641 0.078125
0 0.9566993464052288 0.0771484375 0.08660130718954248 0.091796875
