0 0.5008169934640523 0.7001953125 0.07026143790849673 0.091796875
0 0.2181372549019608 0.0537109375 0.07026143790849673 0.083984375
0 0.2973856209150327 0.115234375 0.0784313725490196 0.09375
0 0.3888888888888889 0.0732421875 0.06535947712418301 0.072265625
0 0.6936274509803921 0.8291015625 0.06699346405228758 0.095703125
0 0.6233660130718954 0.8408203125 0.08660130718954248 0.099609375
0 0.5661764705882353 0.8662109375 0.06045751633986928 0.072265625
0 0.579248366013072 0.931640625 0.08006535947712419 0.109375
0 0.6830065359477124 0.89453125 0.05555555555555556 0.078125
0 0.7083333333333334 0.9345703125 0.07679738562091504 0.091796875
0 0.7777777777777778 0.90234375 0.06209150326797386 0.09375
0 0.7647058823529412 0.26953125 0.05555555555555556 0.06640625
0 0.7859477124183006 0.2314453125 0.05555555555555556 0.052734375
0 0.8259803921568628 0.2568359375 0.06372549019607843 0.083984375
0 0.8668300653594772 0.185546875 0.057189542483660136 0.07421875
0 0.8774509803921569 0.251953125 0.058823529411764705 0.078125
0 0.9763071895424837 0.20703125 0.04738562091503268 0.08203125
0 0.28431372549019607 0.0283203125 0.06535947712418301 0.052734375
