0 0.1454248366013072 0.080078125 0.09803921568627451 0.12109375
0 0.035130718954248366 0.6728515625 0.06699346405228758 0.091796875
0 0.3006535947712418 0.6591796875 0.10784313725490197 0.123046875
0 0.3970588235294118 0.7236328125 0.08169934640522876 0.119140625
0 0.45016339869281047 0.7900390625 0.09967320261437909 0.126953125
0 0.3284313725490196 0.841796875 0.09477124183006536 0.12890625
0 0.37254901960784315 0.9453125 0.07516339869281045 0.109375
0 0.3243464052287582 0.0419921875 0.07679738562091504 0.080078125
0 0.4550653594771242 0.0439453125 0.07026143790849673 0.083984375
0 0.5073529411764706 0.0419921875 0.08006535947712419 0.080078125
0 0.4820261437908497 0.1015625 0.07189542483660132 0.1015625
0 0.5294117647058824 0.103515625 0.06862745098039216 0.09375
0 0.5375816993464052 0.19140625 0.08169934640522876 0.08984375
0 0.4991830065359477 0.259765625 0.05392156862745098 0.07421875
0 0.6691176470588236 0.189453125 0.057189542483660136 0.09375
0 0.7312091503267975 0.19140625 0.06699346405228758 0.08984375
0 0.7728758169934641 0.1630859375 0.058823529411764705 0.080078125
0 0.9133986928104575 0.181640625 0.058823529411764705 0.08984375
0 0.7238562091503268 0.3515625 0.049019607843137254 0.08203125
0 0.7606209150326798 0.3330078125 0.06372549019607843 0.072265625
0 0.8014705882352942 0.3671875 0.06699346405228758 0.08203125
0 0.7704248366013072 0.400390625 0.06372549019607843 0.078125
0 0.8570261437908497 0.3857421875 0.06045751633986928 0.080078125
0 0.8382352941176471 0.4462890625 0.04575163398692811 0.091796875
0 0.8063725490196079 0.681640625 0.04738562091503268 0.0703125
0 0.8357843137254902 0.716796875 0.05065359477124183 0.078125
