0 0.10212418300653595 0.3212890625 0.09313725490196079 0.142578125
0 0.41258169934640526 0.6083984375 0.11601307189542484 0.158203125
0 0.22222222222222224 0.8203125 0.08169934640522876 0.13671875
0 0.5277777777777778 0.6923828125 0.11764705882352941 0.142578125
0 0.8488562091503268 0.6923828125 0.08986928104575163 0.134765625
0 0.7908496732026145 0.5703125 0.09803921568627451 0.125
0 0.9812091503267975 0.6328125 0.03758169934640523 0.11328125
0 0.9640522875816994 0.5830078125 0.06862745098039216 0.076171875
0 0.9117647058823529 0.4775390625 0.10457516339869281 0.126953125
0 0.8398692810457516 0.3564453125 0.10130718954248366 0.150390625
0 0.8488562091503268 0.046875 0.12581699346405228 0.08984375
0 0.7622549019607844 0.0224609375 0.08006535947712419 0.041015625
0 0.9379084967320261 0.1220703125 0.058823529411764705 0.080078125
