0 0.0923202614379085 0.095703125 0.08006535947712419 0.109375
0 0.025326797385620915 0.1904296875 0.04738562091503268 0.080078125
0 0.2687908496732026 0.1640625 0.07352941176470588 0.09765625
0 0.16830065359477125 0.2529296875 0.09477124183006536 0.111328125
0 0.18709150326797386 0.3212890625 0.08660130718954248 0.123046875
0 0.10130718954248366 0.779296875 0.07189542483660132 0.109375
0 0.3031045751633987 0.6162109375 0.057189542483660136 0.072265625
0 0.32026143790849676 0.66796875 0.049019607843137254 0.06640625
0 0.35784313725490197 0.6064453125 0.049019607843137254 0.056640625
0 0.45098039215686275 0.9091796875 0.049019607843137254 0.083984375
0 0.4861111111111111 0.7265625 0.07352941176470588 0.11328125
0 0.542483660130719 0.630859375 0.07189542483660132 0.1015625
0 0.6217320261437909 0.71875 0.07679738562091504 0.1171875
0 0.7214052287581699 0.9443359375 0.08660130718954248 0.107421875
0 0.7818627450980392 0.578125 0.06372549019607843 0.08984375
0 0.8014705882352942 0.4697265625 0.07352941176470588 0.095703125
0 0.8284313725490197 0.369140625 0.05228758169934641 0.07421875
0 0.7189542483660131 0.3251953125 0.06862745098039216 0.091796875
0 0.5808823529411765 0.166015625 0.08006535947712419 0.109375
0 0.3880718954248366 0.0478515625 0.08660130718954248 0.091796875
0 0.4297385620915033 0.08984375 0.08496732026143791 0.09375
0 0.42728758169934644 0.1474609375 0.06372549019607843 0.076171875
