0 0.27450980392156865 0.1689453125 0.08496732026143791 0.087890625
0 0.3014705882352941 0.263671875 0.08006535947712419 0.0859375
0 0.29248366013071897 0.3369140625 0.0784313725490196 0.087890625
0 0.04575163398692811 0.7392578125 0.08823529411764706 0.107421875
0 0.29248366013071897 0.673828125 0.0784313725490196 0.0859375
0 0.32679738562091504 0.619140625 0.06209150326797386 0.0703125
0 0.41911764705882354 0.66015625 0.06699346405228758 0.0703125
0 0.4395424836601307 0.2451171875 0.06862745098039216 0.080078125
0 0.49183006535947715 0.2626953125 0.07189542483660132 0.083984375
0 0.4681372549019608 0.306640625 0.07352941176470588 0.078125
