0 0.31290849673202614 0.423828125 0.06372549019607843 0.10546875
0 0.3684640522875817 0.4169921875 0.07679738562091504 0.115234375
0 0.440359477124183 0.275390625 0.06699346405228758 0.09375
0 0.48447712418300654 0.3134765625 0.08006535947712419 0.095703125
0 0.8513071895424836 0.59375 0.08169934640522876 0.09765625
0 0.8366013071895425 0.3115234375 0.0784313725490196 0.103515625
0 0.7777777777777778 0.310546875 0.06862745098039216 0.109375
0 0.7418300653594772 0.271484375 0.08169934640522876 0.10546875
0 0.6854575163398693 0.216796875 0.08006535947712419 0.11328125
0 0.579248366013072 0.1787109375 0.08333333333333334 0.107421875
0 0.5253267973856209 0.1484375 0.06372549019607843 0.09375
0 0.5008169934640523 0.1171875 0.06045751633986928 0.07421875
0 0.9517973856209151 0.0771484375 0.07352941176470588 0.080078125
0 0.9787581699346406 0.130859375 0.042483660130718956 0.1015625
