0 0.17483660130718956 0.30859375 0.06535947712418301 0.08984375
0 0.2818627450980392 0.2275390625 0.07352941176470588 0.087890625
0 0.21650326797385622 0.4404296875 0.06372549019607843 0.091796875
0 0.6339869281045751 0.4091796875 0.06209150326797386 0.080078125
0 0.6650326797385621 0.48828125 0.06209150326797386 0.05859375
0 0.7214052287581699 0.228515625 0.07352941176470588 0.08984375
0 0.7124183006535948 0.26953125 0.06862745098039216 0.0546875
0 0.7132352941176471 0.353515625 0.06045751633986928 0.0703125
0 0.7287581699346406 0.3837890625 0.049019607843137254 0.068359375
0 0.309640522875817 0.6904296875 0.05065359477124183 0.056640625
0 0.27369281045751637 0.76953125 0.04084967320261438 0.0625
0 0.026143790849673203 0.75 0.049019607843137254 0.07421875
0 0.20751633986928106 0.796875 0.04575163398692811 0.0546875
0 0.36764705882352944 0.81640625 0.0392156862745098 0.0703125
0 0.40931372549019607 0.80078125 0.04738562091503268 0.05859375
0 0.6323529411764706 0.91796875 0.06535947712418301 0.109375
0 0.5996732026143791 0.9814453125 0.06535947712418301 0.037109375
0 0.7745098039215687 0.849609375 0.06535947712418301 0.09375
0 0.8202614379084967 0.86328125 0.04575163398692811 0.0859375
0 0.9027777777777778 0.5390625 0.04411764705882353 0.06640625
0 0.954248366013072 0.583984375 0.05555555555555556 0.0703125
0 0.8799019607843137 0.4111328125 0.05392156862745098 0.060546875
0 0.9673202614379085 0.4716796875 0.05228758169934641 0.072265625
0 0.9640522875816994 0.1103515625 0.0392156862745098 0.064453125
0 0.9820261437908497 0.0361328125 0.03594771241830066 0.068359375
