0 0.07107843137254902 0.328125 0.057189542483660136 0.07421875
0 0.042483660130718956 0.1669921875 0.05228758169934641 0.080078125
0 0.09640522875816994 0.57421875 0.08496732026143791 0.109375
0 0.03758169934640523 0.6455078125 0.06862745098039216 0.091796875
0 0.08251633986928104 0.6376953125 0.057189542483660136 0.072265625
0 0.07434640522875817 0.732421875 0.06372549019607843 0.0859375
0 0.22957516339869283 0.451171875 0.057189542483660136 0.0703125
0 0.24836601307189543 0.5078125 0.06535947712418301 0.0703125
0 0.22712418300653595 0.55859375 0.06535947712418301 0.0859375
0 0.6666666666666667 0.4375 0.07189542483660132 0.1015625
0 0.7214052287581699 0.4814453125 0.08006535947712419 0.099609375
0 0.6421568627450981 0.7158203125 0.06209150326797386 0.072265625
0 0.6968954248366013 0.716796875 0.06372549019607843 0.0859375
0 0.46977124183006536 0.853515625 0.05065359477124183 0.0625
0 0.5081699346405228 0.865234375 0.058823529411764705 0.05859375
0 0.48447712418300654 0.8984375 0.05065359477124183 0.0546875
0 0.8586601307189543 0.7138671875 0.07679738562091504 0.099609375
0 0.9305555555555556 0.7041015625 0.057189542483660136 0.080078125
0 0.8913398692810458 0.76953125 0.07352941176470588 0.10546875
0 0.9305555555555556 0.78125 0.06045751633986928 0.08984375
0 0.8169934640522876 0.7724609375 0.05555555555555556 0.068359375
0 0.8423202614379085 0.80859375 0.06699346405228758 0.08984375
0 0.7851307189542484 0.8388671875 0.05392156862745098 0.083984375
0 0.7671568627450981 0.9052734375 0.07352941176470588 0.068359375
0 0.9142156862745099 0.896484375 0.08660130718954248 0.09375
0 0.1053921568627451 0.03125 0.06045751633986928 0.05859375
0 0.8357843137254902 0.1513671875 0.06372549019607843 0.087890625
