0 0.04084967320261438 0.4892578125 0.07516339869281045 0.130859375
0 0.09803921568627451 0.4853515625 0.07189542483660132 0.130859375
0 0.17238562091503268 0.490234375 0.07352941176470588 0.11328125
0 0.28104575163398693 0.3935546875 0.0784313725490196 0.115234375
0 0.857843137254902 0.083984375 0.06209150326797386 0.0703125
0 0.9256535947712419 0.0927734375 0.05065359477124183 0.072265625
0 0.9223856209150327 0.208984375 0.057189542483660136 0.0859375
0 0.9656862745098039 0.44921875 0.06209150326797386 0.08203125
0 0.3112745098039216 0.6787109375 0.06372549019607843 0.091796875
0 0.38480392156862747 0.6884765625 0.057189542483660136 0.076171875
0 0.4215686274509804 0.7041015625 0.06862745098039216 0.083984375
0 0.4223856209150327 0.814453125 0.057189542483660136 0.0703125
0 0.4477124183006536 0.923828125 0.06209150326797386 0.08203125
0 0.4820261437908497 0.595703125 0.058823529411764705 0.0703125
0 0.5318627450980392 0.638671875 0.06372549019607843 0.05859375
0 0.5612745098039216 0.6953125 0.057189542483660136 0.0859375
0 0.6200980392156863 0.740234375 0.07679738562091504 0.08984375
0 0.5923202614379085 0.859375 0.07026143790849673 0.078125
0 0.6364379084967321 0.94140625 0.06372549019607843 0.0859375
0 0.6503267973856209 0.8203125 0.06535947712418301 0.09375
0 0.6911764705882353 0.8505859375 0.06209150326797386 0.087890625
0 0.6462418300653595 0.6826171875 0.07679738562091504 0.080078125
0 0.6748366013071896 0.6201171875 0.058823529411764705 0.083984375
0 0.698529411764706 0.6669921875 0.07026143790849673 0.107421875
0 0.732843137254902 0.6279296875 0.057189542483660136 0.087890625
