0 0.5073529411764706 0.12109375 0.08333333333333334 0.109375
0 0.548202614379085 0.11328125 0.05392156862745098 0.09765625
0 0.6405228758169935 0.0419921875 0.08169934640522876 0.080078125
0 0.7050653594771242 0.048828125 0.08006535947712419 0.08203125
0 0.09722222222222222 0.7275390625 0.08006535947712419 0.091796875
0 0.1707516339869281 0.869140625 0.08986928104575163 0.1015625
0 0.12091503267973856 0.888671875 0.04575163398692811 0.06640625
0 0.15441176470588236 0.9365234375 0.08660130718954248 0.087890625
0 0.5588235294117647 0.94140625 0.08823529411764706 0.1015625
0 0.7663398692810458 0.8994140625 0.08169934640522876 0.099609375
