0 0.2361111111111111 0.10546875 0.07679738562091504 0.109375
0 0.16584967320261437 0.1396484375 0.07352941176470588 0.115234375
0 0.10866013071895425 0.037109375 0.08006535947712419 0.0703125
0 0.04084967320261438 0.080078125 0.07516339869281045 0.10546875
0 0.06290849673202614 0.119140625 0.07679738562091504 0.11328125
0 0.09722222222222222 0.0947265625 0.06045751633986928 0.095703125
0 0.4950980392156863 0.0751953125 0.0784313725490196 0.107421875
0 0.5228758169934641 0.14453125 0.06862745098039216 0.09765625
0 0.559640522875817 0.076171875 0.06699346405228758 0.09765625
0 0.6209150326797386 0.037109375 0.07189542483660132 0.05859375
