0 0.28022875816993464 0.5927734375 0.07026143790849673 0.087890625
0 0.2957516339869281 0.67578125 0.06862745098039216 0.09375
0 0.08660130718954248 0.7216796875 0.07189542483660132 0.095703125
0 0.12745098039215685 0.7431640625 0.07516339869281045 0.099609375
0 0.4477124183006536 0.6494140625 0.03594771241830066 0.064453125
0 0.488562091503268 0.6669921875 0.049019607843137254 0.060546875
0 0.5678104575163399 0.6767578125 0.04738562091503268 0.060546875
0 0.238562091503268 0.3583984375 0.08823529411764706 0.123046875
0 0.14787581699346405 0.193359375 0.08660130718954248 0.1015625
0 0.125 0.064453125 0.08333333333333334 0.11328125
0 0.19607843137254902 0.0556640625 0.06862745098039216 0.103515625
0 0.33986928104575165 0.1337890625 0.06535947712418301 0.076171875
0 0.3888888888888889 0.1484375 0.05228758169934641 0.078125
0 0.36356209150326796 0.1953125 0.06045751633986928 0.07421875
0 0.4158496732026144 0.1982421875 0.057189542483660136 0.076171875
0 0.7655228758169935 0.140625 0.06045751633986928 0.078125
0 0.696078431372549 0.12109375 0.04575163398692811 0.05859375
0 0.7401960784313726 0.5263671875 0.05228758169934641 0.064453125
0 0.8104575163398693 0.515625 0.04575163398692811 0.05859375
0 0.6936274509803921 0.2578125 0.04411764705882353 0.05078125
