0 0.13316993464052287 0.173828125 0.10947712418300654 0.13671875
0 0.2099673202614379 0.115234375 0.10294117647058824 0.140625
0 0.1895424836601307 0.2392578125 0.08169934640522876 0.123046875
0 0.494281045751634 0.0654296875 0.07679738562091504 0.107421875
0 0.34558823529411764 0.7998046875 0.07026143790849673 0.099609375
0 0.3790849673202614 0.890625 0.12091503267973856 0.125
0 0.7116013071895425 0.2333984375 0.09967320261437909 0.115234375
0 0.5759803921568628 0.3642578125 0.06045751633986928 0.080078125
0 0.7279411764705882 0.400390625 0.08006535947712419 0.1171875
0 0.8872549019607844 0.4970703125 0.10130718954248366 0.126953125
0 0.9183006535947713 0.375 0.08823529411764706 0.12890625
0 0.7393790849673203 0.1806640625 0.08006535947712419 0.103515625
0 0.8227124183006537 0.1533203125 0.09967320261437909 0.126953125
