0 0.2834967320261438 0.138671875 0.08006535947712419 0.08984375
0 0.3366013071895425 0.1650390625 0.08169934640522876 0.099609375
0 0.2957516339869281 0.3486328125 0.10457516339869281 0.154296875
0 0.33986928104575165 0.654296875 0.11437908496732027 0.1640625
0 0.16176470588235295 0.5029296875 0.08169934640522876 0.099609375
0 0.07924836601307189 0.53515625 0.09313725490196079 0.1328125
0 0.1388888888888889 0.578125 0.06535947712418301 0.1015625
0 0.10375816993464053 0.626953125 0.10620915032679738 0.1328125
0 0.9027777777777778 0.0830078125 0.08660130718954248 0.130859375
0 0.9125816993464052 0.2255859375 0.08986928104575163 0.130859375
0 0.9411764705882353 0.4775390625 0.08823529411764706 0.126953125
0 0.948529411764706 0.583984375 0.08986928104575163 0.12890625
