0 0.31290849673202614 0.740234375 0.08660130718954248 0.0859375
0 0.16911764705882354 0.853515625 0.08660130718954248 0.12890625
0 0.24101307189542484 0.8330078125 0.08006535947712419 0.087890625
0 0.23447712418300654 0.8935546875 0.08006535947712419 0.080078125
0 0.1715686274509804 0.9541015625 0.10457516339869281 0.091796875
0 0.5253267973856209 0.703125 0.08660130718954248 0.08984375
0 0.698529411764706 0.9013671875 0.06045751633986928 0.080078125
0 0.5833333333333334 0.34375 0.05228758169934641 0.078125
0 0.6315359477124183 0.318359375 0.07026143790849673 0.09375
0 0.7344771241830066 0.3115234375 0.08333333333333334 0.103515625
0 0.7606209150326798 0.6875 0.07026143790849673 0.09765625
0 0.8080065359477124 0.701171875 0.057189542483660136 0.09375
0 0.852124183006536 0.5322265625 0.06372549019607843 0.087890625
0 0.7785947712418301 0.0419921875 0.07679738562091504 0.076171875
0 0.934640522875817 0.7548828125 0.06862745098039216 0.095703125
0 0.9812091503267975 0.7529296875 0.03758169934640523 0.083984375
0 0.7941176470588236 0.5654296875 0.05228758169934641 0.060546875
