0 0.08823529411764706 0.2080078125 0.09150326797385622 0.103515625
0 0.2728758169934641 0.189453125 0.07189542483660132 0.09375
0 0.3227124183006536 0.248046875 0.08006535947712419 0.07421875
0 0.2303921568627451 0.4453125 0.08169934640522876 0.09375
0 0.2908496732026144 0.330078125 0.058823529411764705 0.0703125
0 0.3619281045751634 0.3857421875 0.08006535947712419 0.080078125
0 0.1576797385620915 0.4765625 0.06699346405228758 0.07421875
0 0.18872549019607843 0.525390625 0.08006535947712419 0.08203125
0 0.2687908496732026 0.548828125 0.07026143790849673 0.08203125
0 0.3709150326797386 0.4892578125 0.07516339869281045 0.091796875
0 0.4084967320261438 0.5810546875 0.05555555555555556 0.080078125
0 0.4607843137254902 0.48046875 0.058823529411764705 0.06640625
0 0.4991830065359477 0.46484375 0.05392156862745098 0.06640625
0 0.5669934640522876 0.400390625 0.06209150326797386 0.08203125
0 0.3602941176470588 0.595703125 0.06045751633986928 0.0703125
0 0.3472222222222222 0.646484375 0.06699346405228758 0.0703125
0 0.3700980392156863 0.67578125 0.08006535947712419 0.0625
0 0.38071895424836605 0.7158203125 0.08823529411764706 0.080078125
0 0.9240196078431373 0.4404296875 0.06699346405228758 0.083984375
0 0.9632352941176471 0.6337890625 0.06699346405228758 0.087890625
0 0.9183006535947713 0.658203125 0.09477124183006536 0.10546875
0 0.9501633986928105 0.8447265625 0.08660130718954248 0.138671875
0 0.46977124183006536 0.884765625 0.06045751633986928 0.078125
0 0.41830065359477125 0.8798828125 0.05555555555555556 0.076171875
0 0.3553921568627451 0.888671875 0.06045751633986928 0.078125
0 0.34068627450980393 0.9501953125 0.057189542483660136 0.068359375
0 0.3880718954248366 0.935546875 0.057189542483660136 0.06640625
