0 0.04330065359477124 0.5234375 0.08333333333333334 0.14453125
0 0.13643790849673204 0.455078125 0.08660130718954248 0.140625
0 0.19362745098039216 0.4638671875 0.11601307189542484 0.154296875
0 0.40032679738562094 0.234375 0.07189542483660132 0.1015625
0 0.46405228758169936 0.2626953125 0.09150326797385622 0.119140625
0 0.36601307189542487 0.4580078125 0.04575163398692811 0.080078125
0 0.39052287581699346 0.4951171875 0.049019607843137254 0.076171875
0 0.4746732026143791 0.46875 0.04411764705882353 0.0546875
0 0.4852941176470588 0.5166015625 0.06535947712418301 0.072265625
0 0.44607843137254904 0.5556640625 0.05228758169934641 0.087890625
0 0.40931372549019607 0.5888671875 0.06372549019607843 0.080078125
0 0.49183006535947715 0.6279296875 0.05555555555555556 0.080078125
0 0.5114379084967321 0.595703125 0.06209150326797386 0.0703125
0 0.48447712418300654 0.0390625 0.07679738562091504 0.07421875
0 0.5310457516339869 0.072265625 0.06862745098039216 0.109375
0 0.6168300653594772 0.091796875 0.06372549019607843 0.07421875
0 0.6119281045751634 0.5654296875 0.057189542483660136 0.080078125
0 0.6503267973856209 0.5908203125 0.058823529411764705 0.072265625
0 0.7205882352941176 0.4404296875 0.0784313725490196 0.103515625
0 0.7810457516339869 0.3203125 0.08823529411764706 0.12109375
0 0.8398692810457516 0.4599609375 0.08496732026143791 0.119140625
0 0.9534313725490197 0.515625 0.08660130718954248 0.12109375
0 0.9428104575163399 0.197265625 0.06862745098039216 0.08984375
