0 0.11274509803921569 0.8740234375 0.06209150326797386 0.083984375
0 0.049836601307189546 0.875 0.07679738562091504 0.10546875
0 0.22222222222222224 0.369140625 0.06862745098039216 0.08203125
0 0.49183006535947715 0.177734375 0.07189542483660132 0.0859375
0 0.45915032679738566 0.482421875 0.08823529411764706 0.11328125
0 0.4803921568627451 0.41015625 0.09150326797385622 0.109375
0 0.5343137254901961 0.3623046875 0.07516339869281045 0.111328125
0 0.6037581699346405 0.3330078125 0.07679738562091504 0.107421875
0 0.8006535947712419 0.1298828125 0.07189542483660132 0.080078125
0 0.7834967320261438 0.2138671875 0.06372549019607843 0.099609375
0 0.8406862745098039 0.2041015625 0.09313725490196079 0.095703125
0 0.8913398692810458 0.2021484375 0.06372549019607843 0.111328125
