0 0.15604575163398693 0.927734375 0.07679738562091504 0.0859375
0 0.4665032679738562 0.1103515625 0.04738562091503268 0.083984375
0 0.49183006535947715 0.5224609375 0.10457516339869281 0.107421875
0 0.5465686274509804 0.5341796875 0.06372549019607843 0.083984375
0 0.5473856209150327 0.61328125 0.09477124183006536 0.10546875
0 0.5882352941176471 0.7626953125 0.10130718954248366 0.107421875
0 0.6200980392156863 0.61328125 0.08333333333333334 0.10546875
0 0.678921568627451 0.533203125 0.09640522875816994 0.109375
0 0.7598039215686275 0.6533203125 0.07516339869281045 0.083984375
0 0.7810457516339869 0.4638671875 0.10457516339869281 0.134765625
0 0.8382352941176471 0.501953125 0.08496732026143791 0.1328125
0 0.9133986928104575 0.4521484375 0.08496732026143791 0.107421875
0 0.7794117647058824 0.4052734375 0.09477124183006536 0.080078125
0 0.7810457516339869 0.3173828125 0.12091503267973856 0.134765625
