0 0.49836601307189543 0.197265625 0.06862745098039216 0.09375
0 0.4934640522875817 0.2529296875 0.05555555555555556 0.060546875
0 0.565359477124183 0.4921875 0.09150326797385622 0.109375
0 0.6527777777777778 0.5166015625 0.08986928104575163 0.107421875
0 0.7058823529411765 0.46484375 0.0784313725490196 0.10546875
0 0.8725490196078431 0.0546875 0.06535947712418301 0.07421875
0 0.9133986928104575 0.0908203125 0.058823529411764705 0.083984375
0 0.9395424836601307 0.5478515625 0.0784313725490196 0.083984375
0 0.9722222222222222 0.6474609375 0.05555555555555556 0.080078125
0 0.8970588235294118 0.9296875 0.06209150326797386 0.109375
0 0.8504901960784313 0.931640625 0.06699346405228758 0.09765625
