0 0.049019607843137254 0.2578125 0.058823529411764705 0.078125
0 0.056372549019607844 0.3046875 0.05065359477124183 0.06640625
0 0.09477124183006536 0.267578125 0.058823529411764705 0.0859375
0 0.06127450980392157 0.4248046875 0.06045751633986928 0.080078125
0 0.026143790849673203 0.44921875 0.042483660130718956 0.06640625
0 0.125 0.3984375 0.07026143790849673 0.08203125
0 0.238562091503268 0.3388671875 0.0784313725490196 0.091796875
0 0.23366013071895425 0.42578125 0.06209150326797386 0.08984375
0 0.18790849673202614 0.51953125 0.07516339869281045 0.09375
0 0.27369281045751637 0.5068359375 0.07026143790849673 0.095703125
0 0.4534313725490196 0.103515625 0.08660130718954248 0.09375
0 0.5081699346405228 0.0380859375 0.05555555555555556 0.068359375
0 0.6241830065359477 0.05078125 0.07516339869281045 0.0859375
0 0.5261437908496732 0.1875 0.058823529411764705 0.0859375
0 0.4665032679738562 0.203125 0.07026143790849673 0.09375
0 0.7565359477124183 0.689453125 0.0784313725490196 0.1171875
0 0.5016339869281046 0.830078125 0.07516339869281045 0.10546875
0 0.5694444444444444 0.822265625 0.08006535947712419 0.09765625
0 0.6723856209150327 0.8173828125 0.08660130718954248 0.083984375
0 0.7181372549019608 0.755859375 0.08006535947712419 0.09375
0 0.823529411764706 0.8173828125 0.08169934640522876 0.107421875
