0 0.14950980392156862 0.18359375 0.06045751633986928 0.07421875
0 0.27369281045751637 0.0361328125 0.05065359477124183 0.060546875
0 0.40032679738562094 0.119140625 0.06862745098039216 0.08203125
0 0.43709150326797386 0.1083984375 0.05065359477124183 0.072265625
0 0.11356209150326797 0.494140625 0.057189542483660136 0.08203125
0 0.09803921568627451 0.6279296875 0.05228758169934641 0.068359375
0 0.14379084967320263 0.5390625 0.07516339869281045 0.0859375
0 0.1593137254901961 0.484375 0.057189542483660136 0.0625
0 0.2099673202614379 0.4970703125 0.06699346405228758 0.087890625
0 0.26633986928104575 0.515625 0.06862745098039216 0.08984375
0 0.286764705882353 0.63671875 0.06699346405228758 0.0859375
0 0.32107843137254904 0.7353515625 0.07679738562091504 0.083984375
0 0.42401960784313725 0.4638671875 0.06045751633986928 0.076171875
0 0.4542483660130719 0.4091796875 0.05555555555555556 0.060546875
0 0.5008169934640523 0.234375 0.08333333333333334 0.09375
0 0.559640522875817 0.2265625 0.07352941176470588 0.07421875
