0 0.18055555555555555 0.0546875 0.10947712418300654 0.10546875
0 0.32026143790849676 0.07421875 0.07516339869281045 0.109375
0 0.37663398692810457 0.0498046875 0.07679738562091504 0.095703125
0 0.2949346405228758 0.24609375 0.07026143790849673 0.09375
0 0.24183006535947713 0.2197265625 0.07189542483660132 0.115234375
0 0.024509803921568627 0.392578125 0.04575163398692811 0.12109375
0 0.07352941176470588 0.41015625 0.07516339869281045 0.125
0 0.03431372549019608 0.5595703125 0.06535947712418301 0.119140625
0 0.6821895424836601 0.6708984375 0.08660130718954248 0.126953125
0 0.6437908496732027 0.416015625 0.07189542483660132 0.12109375
0 0.5694444444444444 0.076171875 0.08006535947712419 0.09375
0 0.8504901960784313 0.1552734375 0.06372549019607843 0.130859375
0 0.8782679738562091 0.4443359375 0.07679738562091504 0.126953125
0 0.9468954248366014 0.4814453125 0.08660130718954248 0.138671875
