0 0.47058823529411764 0.3271484375 0.0784313725490196 0.099609375
0 0.18709150326797386 0.7060546875 0.07679738562091504 0.111328125
0 0.3227124183006536 0.7939453125 0.08333333333333334 0.126953125
0 0.2622549019607843 0.8564453125 0.10620915032679738 0.126953125
0 0.38562091503267976 0.904296875 0.09150326797385622 0.12109375
0 0.548202614379085 0.9365234375 0.08006535947712419 0.095703125
0 0.9068627450980392 0.541015625 0.058823529411764705 0.08984375
0 0.9003267973856209 0.4794921875 0.05228758169934641 0.064453125
0 0.9812091503267975 0.3486328125 0.03758169934640523 0.083984375
0 0.9142156862745099 0.6416015625 0.06372549019607843 0.080078125
0 0.8071895424836601 0.890625 0.06862745098039216 0.09765625
