0 0.5547385620915033 0.0947265625 0.08660130718954248 0.107421875
0 0.4934640522875817 0.1103515625 0.07189542483660132 0.076171875
0 0.5155228758169935 0.1650390625 0.09640522875816994 0.103515625
0 0.4354575163398693 0.173828125 0.08333333333333334 0.0859375
0 0.4223856209150327 0.306640625 0.06699346405228758 0.08984375
0 0.37336601307189543 0.3603515625 0.07352941176470588 0.091796875
0 0.3897058823529412 0.474609375 0.06699346405228758 0.09765625
0 0.4207516339869281 0.765625 0.07679738562091504 0.08984375
0 0.4934640522875817 0.7763671875 0.08823529411764706 0.095703125
0 0.5098039215686274 0.84375 0.09150326797385622 0.09375
0 0.738562091503268 0.078125 0.09150326797385622 0.1171875
0 0.7900326797385621 0.16015625 0.09313725490196079 0.109375
0 0.8529411764705883 0.1171875 0.08496732026143791 0.1015625
0 0.9624183006535948 0.4580078125 0.07516339869281045 0.103515625
0 0.6699346405228759 0.73046875 0.0784313725490196 0.10546875
0 0.7851307189542484 0.7626953125 0.06045751633986928 0.076171875
0 0.8357843137254902 0.6328125 0.09313725490196079 0.10546875
0 0.8741830065359477 0.6962890625 0.0784313725490196 0.103515625
0 0.9093137254901961 0.673828125 0.04411764705882353 0.078125
0 0.9624183006535948 0.70703125 0.04575163398692811 0.06640625
0 0.18218954248366015 0.5029296875 0.06372549019607843 0.076171875
0 0.184640522875817 0.431640625 0.06209150326797386 0.0625
0 0.21160130718954248 0.2958984375 0.08006535947712419 0.080078125
