0 0.049019607843137254 0.9248046875 0.09477124183006536 0.142578125
0 0.2450980392156863 0.79296875 0.10457516339869281 0.125
0 0.4803921568627451 0.578125 0.10457516339869281 0.125
0 0.4395424836601307 0.50390625 0.08169934640522876 0.11328125
0 0.4991830065359477 0.46875 0.09313725490196079 0.125
0 0.5743464052287582 0.3798828125 0.05392156862745098 0.107421875
0 0.6168300653594772 0.38671875 0.07679738562091504 0.12109375
0 0.9370915032679739 0.482421875 0.09967320261437909 0.12890625
0 0.9133986928104575 0.16015625 0.0784313725490196 0.09765625
0 0.024509803921568627 0.1259765625 0.04575163398692811 0.095703125
0 0.18709150326797386 0.2734375 0.07679738562091504 0.09375
0 0.23366013071895425 0.33984375 0.08496732026143791 0.12109375
0 0.2908496732026144 0.3134765625 0.07516339869281045 0.099609375
0 0.303921568627451 0.2255859375 0.09150326797385622 0.091796875
0 0.31699346405228757 0.1669921875 0.08496732026143791 0.087890625
0 0.3431372549019608 0.0830078125 0.08169934640522876 0.107421875
