0 0.7941176470588236 0.0615234375 0.07189542483660132 0.095703125
0 0.7761437908496732 0.1328125 0.05228758169934641 0.0859375
0 0.8333333333333334 0.171875 0.07189542483660132 0.09375
0 0.7941176470588236 0.2998046875 0.058823529411764705 0.091796875
0 0.6748366013071896 0.4345703125 0.06862745098039216 0.091796875
0 0.6111111111111112 0.44140625 0.049019607843137254 0.0859375
0 0.6241830065359477 0.5166015625 0.042483660130718956 0.072265625
0 0.4215686274509804 0.7060546875 0.04575163398692811 0.072265625
0 0.4526143790849673 0.7275390625 0.05555555555555556 0.060546875
0 0.12908496732026145 0.8955078125 0.05228758169934641 0.068359375
0 0.24754901960784315 0.84765625 0.07352941176470588 0.0859375
0 0.025326797385620915 0.396484375 0.04411764705882353 0.09765625
