0 0.04656862745098039 0.1728515625 0.07352941176470588 0.115234375
0 0.29248366013071897 0.3076171875 0.08496732026143791 0.099609375
0 0.3227124183006536 0.46875 0.08333333333333334 0.109375
0 0.3382352941176471 0.658203125 0.0784313725490196 0.12890625
0 0.26715686274509803 0.6650390625 0.08333333333333334 0.123046875
0 0.44607843137254904 0.7353515625 0.07189542483660132 0.123046875
0 0.6715686274509804 0.927734375 0.09150326797385622 0.11328125
0 0.45833333333333337 0.43359375 0.08986928104575163 0.1171875
0 0.5163398692810458 0.4228515625 0.049019607843137254 0.099609375
0 0.4991830065359477 0.3154296875 0.08333333333333334 0.115234375
0 0.6029411764705882 0.3701171875 0.08169934640522876 0.119140625
0 0.6936274509803921 0.501953125 0.05065359477124183 0.07421875
0 0.8071895424836601 0.298828125 0.05555555555555556 0.078125
0 0.7549019607843137 0.5634765625 0.05555555555555556 0.076171875
