0 0.05065359477124183 0.3056640625 0.06535947712418301 0.080078125
0 0.2361111111111111 0.3271484375 0.05065359477124183 0.068359375
0 0.3186274509803922 0.291015625 0.06862745098039216 0.08984375
0 0.14624183006535948 0.01953125 0.06045751633986928 0.03515625
0 0.5767973856209151 0.1337890625 0.05555555555555556 0.076171875
0 0.4673202614379085 0.267578125 0.08169934640522876 0.11328125
0 0.47875816993464054 0.37109375 0.07516339869281045 0.10546875
0 0.7369281045751634 0.171875 0.06209150326797386 0.08203125
0 0.7704248366013072 0.30859375 0.06372549019607843 0.08203125
0 0.7116013071895425 0.46484375 0.057189542483660136 0.078125
0 0.948529411764706 0.64453125 0.057189542483660136 0.06640625
0 0.9754901960784313 0.556640625 0.049019607843137254 0.09765625
0 0.9428104575163399 0.9619140625 0.08496732026143791 0.076171875
0 0.6511437908496732 0.8994140625 0.08006535947712419 0.115234375
0 0.6519607843137255 0.96875 0.07516339869281045 0.0625
0 0.5449346405228759 0.8544921875 0.08006535947712419 0.123046875
