0 0.058823529411764705 0.1259765625 0.0784313725490196 0.083984375
0 0.1985294117647059 0.0947265625 0.07679738562091504 0.103515625
0 0.2581699346405229 0.1337890625 0.07516339869281045 0.111328125
0 0.3031045751633987 0.166015625 0.06372549019607843 0.1015625
0 0.3178104575163399 0.099609375 0.06372549019607843 0.09375
0 0.36356209150326796 0.2685546875 0.057189542483660136 0.099609375
0 0.5040849673202614 0.5400390625 0.08006535947712419 0.123046875
0 0.45669934640522875 0.1787109375 0.04738562091503268 0.072265625
0 0.47385620915032683 0.2294921875 0.049019607843137254 0.107421875
0 0.5661764705882353 0.0625 0.07026143790849673 0.09765625
0 0.6650326797385621 0.62890625 0.0784313725490196 0.1171875
0 0.8194444444444444 0.6826171875 0.08333333333333334 0.115234375
0 0.8676470588235294 0.3349609375 0.07516339869281045 0.115234375
0 0.9460784313725491 0.4443359375 0.06209150326797386 0.119140625
0 0.9795751633986929 0.4189453125 0.04084967320261438 0.111328125
0 0.7066993464052288 0.0693359375 0.07352941176470588 0.107421875
0 0.9477124183006537 0.15625 0.05555555555555556 0.0859375
