0 0.0923202614379085 0.1357421875 0.08986928104575163 0.134765625
0 0.2834967320261438 0.54296875 0.07679738562091504 0.1015625
0 0.18218954248366015 0.5576171875 0.07026143790849673 0.099609375
0 0.058823529411764705 0.7392578125 0.09477124183006536 0.134765625
0 0.21568627450980393 0.640625 0.08496732026143791 0.0703125
0 0.244281045751634 0.5927734375 0.057189542483660136 0.087890625
0 0.2785947712418301 0.6279296875 0.05065359477124183 0.068359375
0 0.8063725490196079 0.2958984375 0.05392156862745098 0.076171875
0 0.6936274509803921 0.4619140625 0.04738562091503268 0.076171875
0 0.4542483660130719 0.8642578125 0.07516339869281045 0.095703125
