0 0.27369281045751637 0.1044921875 0.07679738562091504 0.119140625
0 0.2246732026143791 0.1904296875 0.08006535947712419 0.115234375
0 0.488562091503268 0.21484375 0.06862745098039216 0.09765625
0 0.23284313725490197 0.3671875 0.08660130718954248 0.11328125
0 0.25571895424836605 0.4482421875 0.07352941176470588 0.111328125
0 0.3006535947712418 0.49609375 0.06209150326797386 0.0546875
0 0.4084967320261438 0.56640625 0.07189542483660132 0.09375
0 0.7859477124183006 0.6474609375 0.07516339869281045 0.103515625
0 0.8218954248366014 0.75 0.07516339869281045 0.11328125
0 0.744281045751634 0.7939453125 0.07679738562091504 0.119140625
0 0.7107843137254902 0.845703125 0.07516339869281045 0.1171875
0 0.7826797385620915 0.8955078125 0.07189542483660132 0.099609375
0 0.9697712418300654 0.662109375 0.057189542483660136 0.078125
0 0.5490196078431373 0.951171875 0.06862745098039216 0.078125
0 0.5669934640522876 0.9755859375 0.0784313725490196 0.048828125
