0 0.06045751633986928 0.7255859375 0.08169934640522876 0.130859375
0 0.24836601307189543 0.517578125 0.0784313725490196 0.10546875
0 0.28431372549019607 0.3134765625 0.0784313725490196 0.130859375
0 0.2826797385620915 0.11328125 0.0784313725490196 0.1171875
0 0.4746732026143791 0.0419921875 0.06045751633986928 0.080078125
0 0.4035947712418301 0.2177734375 0.08496732026143791 0.115234375
0 0.3570261437908497 0.3935546875 0.07679738562091504 0.115234375
0 0.3545751633986928 0.5 0.06535947712418301 0.11328125
0 0.3978758169934641 0.6650390625 0.057189542483660136 0.095703125
0 0.49101307189542487 0.83203125 0.08660130718954248 0.11328125
0 0.43137254901960786 0.9169921875 0.058823529411764705 0.068359375
0 0.4795751633986928 0.9169921875 0.05065359477124183 0.068359375
0 0.6013071895424836 0.5498046875 0.05228758169934641 0.068359375
0 0.6299019607843137 0.578125 0.08006535947712419 0.10546875
0 0.7295751633986929 0.341796875 0.057189542483660136 0.07421875
0 0.7459150326797386 0.392578125 0.04738562091503268 0.078125
0 0.8031045751633987 0.3857421875 0.06699346405228758 0.068359375
0 0.8137254901960784 0.439453125 0.05228758169934641 0.08203125
0 0.8684640522875817 0.486328125 0.03758169934640523 0.0546875
0 0.8406862745098039 0.4990234375 0.04738562091503268 0.068359375
