0 0.16911764705882354 0.361328125 0.07352941176470588 0.10546875
0 0.056372549019607844 0.490234375 0.08006535947712419 0.10546875
0 0.16830065359477125 0.68359375 0.09803921568627451 0.11328125
0 0.03758169934640523 0.8486328125 0.049019607843137254 0.076171875
0 0.12091503267973856 0.9443359375 0.06209150326797386 0.072265625
0 0.2573529411764706 0.904296875 0.05065359477124183 0.05859375
0 0.37173202614379086 0.9033203125 0.05065359477124183 0.080078125
0 0.2826797385620915 0.6845703125 0.08496732026143791 0.083984375
0 0.3047385620915033 0.6337890625 0.09313725490196079 0.115234375
0 0.32189542483660133 0.759765625 0.09477124183006536 0.1171875
0 0.4526143790849673 0.978515625 0.04575163398692811 0.04296875
0 0.5106209150326797 0.9716796875 0.04738562091503268 0.056640625
0 0.4534313725490196 0.84765625 0.07679738562091504 0.0859375
0 0.4550653594771242 0.724609375 0.05392156862745098 0.0703125
0 0.49836601307189543 0.73828125 0.04575163398692811 0.07421875
0 0.4199346405228758 0.6376953125 0.06862745098039216 0.087890625
0 0.4419934640522876 0.56640625 0.06699346405228758 0.07421875
0 0.45996732026143794 0.6083984375 0.08006535947712419 0.091796875
0 0.6797385620915033 0.7080078125 0.06209150326797386 0.091796875
0 0.6495098039215687 0.7705078125 0.07352941176470588 0.095703125
0 0.9117647058823529 0.9365234375 0.07189542483660132 0.095703125
0 0.9444444444444444 0.9365234375 0.04575163398692811 0.091796875
