0 0.13643790849673204 0.0791015625 0.08660130718954248 0.111328125
0 0.18137254901960784 0.5234375 0.09477124183006536 0.125
0 0.10457516339869281 0.5625 0.10130718954248366 0.12890625
0 0.1323529411764706 0.6201171875 0.09150326797385622 0.111328125
0 0.24754901960784315 0.630859375 0.08660130718954248 0.10546875
0 0.28431372549019607 0.71484375 0.0784313725490196 0.13671875
0 0.20506535947712418 0.7333984375 0.08333333333333334 0.134765625
0 0.6429738562091504 0.392578125 0.10620915032679738 0.14453125
0 0.690359477124183 0.501953125 0.08986928104575163 0.12890625
0 0.763888888888889 0.1279296875 0.08660130718954248 0.134765625
0 0.8390522875816994 0.1689453125 0.04738562091503268 0.060546875
0 0.9558823529411765 0.22265625 0.042483660130718956 0.0625
0 0.9632352941176471 0.0625 0.07352941176470588 0.12109375
0 0.9763071895424837 0.6982421875 0.04411764705882353 0.072265625
