0 0.29983660130718953 0.306640625 0.09313725490196079 0.12890625
0 0.024509803921568627 0.70703125 0.04575163398692811 0.078125
0 0.04330065359477124 0.748046875 0.04738562091503268 0.06640625
0 0.07598039215686275 0.76171875 0.04411764705882353 0.06640625
0 0.1119281045751634 0.7626953125 0.05065359477124183 0.068359375
0 0.1503267973856209 0.78125 0.05228758169934641 0.0703125
0 0.3374183006535948 0.375 0.06699346405228758 0.07421875
0 0.38480392156862747 0.373046875 0.06045751633986928 0.0859375
0 0.411764705882353 0.09765625 0.08496732026143791 0.125
0 0.7377450980392157 0.0751953125 0.09313725490196079 0.103515625
0 0.6968954248366013 0.6181640625 0.08006535947712419 0.119140625
0 0.7630718954248367 0.607421875 0.07516339869281045 0.1171875
0 0.75 0.7607421875 0.08169934640522876 0.119140625
0 0.8684640522875817 0.619140625 0.08660130718954248 0.11328125
0 0.821078431372549 0.6748046875 0.04738562091503268 0.083984375
0 0.9452614379084968 0.3837890625 0.08333333333333334 0.091796875
0 0.9583333333333334 0.4228515625 0.07026143790849673 0.111328125
0 0.8709150326797386 0.0927734375 0.09477124183006536 0.126953125
0 0.923202614379085 0.0439453125 0.09150326797385622 0.083984375
