0 0.13725490196078433 0.236328125 0.05228758169934641 0.0546875
0 0.37663398692810457 0.1240234375 0.08006535947712419 0.095703125
0 0.5972222222222222 0.3486328125 0.08006535947712419 0.111328125
0 0.49754901960784315 0.4189453125 0.08986928104575163 0.123046875
0 0.6821895424836601 0.5947265625 0.07679738562091504 0.107421875
0 0.36683006535947715 0.7353515625 0.08986928104575163 0.115234375
0 0.4305555555555556 0.73828125 0.06045751633986928 0.1171875
0 0.5294117647058824 0.625 0.06535947712418301 0.09765625
0 0.553921568627451 0.7314453125 0.06862745098039216 0.095703125
0 0.5898692810457516 0.8740234375 0.0784313725490196 0.103515625
0 0.7769607843137255 0.4775390625 0.06045751633986928 0.064453125
0 0.7834967320261438 0.55859375 0.04084967320261438 0.0546875
0 0.8243464052287582 0.552734375 0.04738562091503268 0.0703125
