0 0.23202614379084968 0.1494140625 0.06209150326797386 0.080078125
0 0.22712418300653595 0.2216796875 0.049019607843137254 0.076171875
0 0.16830065359477125 0.40625 0.06209150326797386 0.07421875
0 0.13398692810457516 0.51171875 0.08823529411764706 0.0859375
0 0.1593137254901961 0.908203125 0.08006535947712419 0.1015625
0 0.04656862745098039 0.970703125 0.08333333333333334 0.05859375
0 0.24101307189542484 0.919921875 0.09313725490196079 0.11328125
0 0.32026143790849676 0.8740234375 0.09803921568627451 0.103515625
0 0.4795751633986928 0.412109375 0.07026143790849673 0.0859375
0 0.5555555555555556 0.3984375 0.0784313725490196 0.09375
0 0.8741830065359477 0.1533203125 0.08496732026143791 0.103515625
0 0.6241830065359477 0.416015625 0.07516339869281045 0.07421875
0 0.613562091503268 0.4560546875 0.06372549019607843 0.076171875
0 0.6290849673202614 0.5068359375 0.05555555555555556 0.056640625
0 0.5996732026143791 0.5166015625 0.05555555555555556 0.072265625
0 0.6258169934640523 0.59375 0.08169934640522876 0.0859375
0 0.8243464052287582 0.3056640625 0.05392156862745098 0.080078125
0 0.8978758169934641 0.2724609375 0.05392156862745098 0.076171875
0 0.9705882352941176 0.3046875 0.058823529411764705 0.1171875
0 0.888888888888889 0.626953125 0.06535947712418301 0.08984375
0 0.7883986928104575 0.591796875 0.05065359477124183 0.0625
0 0.7491830065359477 0.63671875 0.06372549019607843 0.078125
0 0.7761437908496732 0.720703125 0.05228758169934641 0.078125
0 0.9297385620915033 0.716796875 0.05228758169934641 0.078125
0 0.977124183006536 0.7265625 0.04575163398692811 0.0859375
