0 0.1854575163398693 0.1337890625 0.06045751633986928 0.087890625
0 0.06535947712418301 0.5166015625 0.06209150326797386 0.083984375
0 0.015522875816993464 0.5556640625 0.02777777777777778 0.083984375
0 0.14133986928104575 0.5 0.07352941176470588 0.08203125
0 0.07924836601307189 0.6904296875 0.06699346405228758 0.083984375
0 0.11519607843137256 0.794921875 0.06699346405228758 0.07421875
0 0.22549019607843138 0.7861328125 0.06862745098039216 0.076171875
0 0.184640522875817 0.6728515625 0.05228758169934641 0.060546875
0 0.3031045751633987 0.720703125 0.06372549019607843 0.07421875
0 0.2099673202614379 0.4638671875 0.05065359477124183 0.064453125
0 0.33986928104575165 0.037109375 0.06862745098039216 0.0703125
0 0.3888888888888889 0.099609375 0.08496732026143791 0.1015625
0 0.35294117647058826 0.181640625 0.06862745098039216 0.0625
0 0.20506535947712418 0.27734375 0.04411764705882353 0.05859375
0 0.49754901960784315 0.3271484375 0.08006535947712419 0.111328125
0 0.5882352941176471 0.486328125 0.0784313725490196 0.10546875
0 0.494281045751634 0.5126953125 0.06045751633986928 0.060546875
0 0.5236928104575164 0.46875 0.05392156862745098 0.06640625
0 0.7393790849673203 0.19140625 0.08006535947712419 0.09375
0 0.763888888888889 0.3017578125 0.08986928104575163 0.103515625
0 0.7516339869281046 0.375 0.0784313725490196 0.08984375
0 0.9656862745098039 0.4189453125 0.06862745098039216 0.119140625
0 0.7900326797385621 0.7607421875 0.09967320261437909 0.103515625
0 0.9035947712418301 0.6728515625 0.09150326797385622 0.115234375
0 0.9370915032679739 0.75390625 0.10620915032679738 0.10546875
0 0.9665032679738562 0.689453125 0.06699346405228758 0.1015625
