0 0.24183006535947713 0.5224609375 0.06209150326797386 0.076171875
0 0.24183006535947713 0.7099609375 0.08496732026143791 0.115234375
0 0.11437908496732027 0.9638671875 0.10130718954248366 0.072265625
0 0.28921568627450983 0.8779296875 0.06862745098039216 0.076171875
0 0.32189542483660133 0.9248046875 0.08496732026143791 0.076171875
0 0.49754901960784315 0.7197265625 0.05392156862745098 0.083984375
0 0.5367647058823529 0.7275390625 0.05065359477124183 0.068359375
0 0.5678104575163399 0.8232421875 0.06045751633986928 0.072265625
0 0.7655228758169935 0.361328125 0.057189542483660136 0.0703125
0 0.9321895424836601 0.5888671875 0.08986928104575163 0.103515625
0 0.9705882352941176 0.6767578125 0.058823529411764705 0.103515625
