0 0.0923202614379085 0.3056640625 0.06045751633986928 0.072265625
0 0.058823529411764705 0.3662109375 0.0784313725490196 0.119140625
0 0.20098039215686275 0.6240234375 0.058823529411764705 0.087890625
0 0.10784313725490197 0.8291015625 0.09150326797385622 0.123046875
0 0.03676470588235294 0.7998046875 0.06045751633986928 0.083984375
0 0.05392156862745098 0.875 0.0784313725490196 0.11328125
0 0.4297385620915033 0.6416015625 0.07189542483660132 0.091796875
0 0.49264705882352944 0.38671875 0.08660130718954248 0.08203125
0 0.26633986928104575 0.125 0.06862745098039216 0.109375
0 0.6380718954248367 0.4775390625 0.07352941176470588 0.095703125
0 0.8316993464052288 0.7138671875 0.09477124183006536 0.119140625
0 0.9052287581699346 0.7421875 0.08496732026143791 0.125
0 0.8431372549019608 0.822265625 0.09803921568627451 0.13671875
