0 0.2973856209150327 0.7998046875 0.07516339869281045 0.099609375
0 0.4158496732026144 0.900390625 0.08986928104575163 0.0859375
0 0.5294117647058824 0.60546875 0.08496732026143791 0.11328125
0 0.46977124183006536 0.486328125 0.057189542483660136 0.09765625
0 0.5049019607843137 0.4541015625 0.07189542483660132 0.083984375
0 0.5408496732026143 0.41015625 0.08496732026143791 0.12109375
0 0.565359477124183 0.673828125 0.06209150326797386 0.078125
0 0.6429738562091504 0.580078125 0.09640522875816994 0.109375
0 0.7606209150326798 0.548828125 0.07352941176470588 0.0859375
0 0.6544117647058824 0.3876953125 0.08660130718954248 0.111328125
0 0.5866013071895425 0.3115234375 0.09150326797385622 0.107421875
0 0.7401960784313726 0.0830078125 0.08823529411764706 0.126953125
0 0.7467320261437909 0.337890625 0.08823529411764706 0.109375
0 0.8782679738562091 0.3818359375 0.07352941176470588 0.091796875
0 0.982843137254902 0.501953125 0.03431372549019608 0.11328125
0 0.8366013071895425 0.1201171875 0.09477124183006536 0.126953125
0 0.9125816993464052 0.146484375 0.09313725490196079 0.140625
0 0.2949346405228758 0.064453125 0.07352941176470588 0.08203125
0 0.0661764705882353 0.0419921875 0.06699346405228758 0.076171875
0 0.035130718954248366 0.07421875 0.06699346405228758 0.078125
0 0.4714052287581699 0.7587890625 0.05392156862745098 0.083984375
