0 0.11111111111111112 0.646484375 0.0784313725490196 0.1171875
0 0.28022875816993464 0.4658203125 0.05065359477124183 0.072265625
0 0.08088235294117647 0.2529296875 0.08006535947712419 0.123046875
0 0.18137254901960784 0.203125 0.09477124183006536 0.125
0 0.39950980392156865 0.1015625 0.08333333333333334 0.12109375
0 0.7140522875816994 0.3740234375 0.07516339869281045 0.103515625
0 0.7851307189542484 0.2314453125 0.07679738562091504 0.111328125
0 0.8398692810457516 0.263671875 0.08496732026143791 0.12890625
0 0.9297385620915033 0.2919921875 0.07189542483660132 0.119140625
0 0.9656862745098039 0.36328125 0.06535947712418301 0.09765625
