0 0.18382352941176472 0.6162109375 0.06045751633986928 0.087890625
0 0.16911764705882354 0.4765625 0.04411764705882353 0.05859375
0 0.2099673202614379 0.408203125 0.05392156862745098 0.0703125
0 0.3513071895424837 0.3330078125 0.07516339869281045 0.111328125
0 0.3741830065359477 0.365234375 0.0392156862745098 0.0546875
0 0.3929738562091503 0.4931640625 0.04738562091503268 0.080078125
0 0.28921568627450983 0.8251953125 0.04575163398692811 0.060546875
0 0.2107843137254902 0.7998046875 0.04575163398692811 0.064453125
0 0.3178104575163399 0.9248046875 0.057189542483660136 0.080078125
0 0.38562091503267976 0.9013671875 0.05555555555555556 0.068359375
0 0.5065359477124183 0.7119140625 0.06209150326797386 0.080078125
0 0.5620915032679739 0.705078125 0.04575163398692811 0.07421875
0 0.5702614379084967 0.765625 0.042483660130718956 0.08203125
0 0.5285947712418301 0.7822265625 0.05065359477124183 0.076171875
0 0.2720588235294118 0.671875 0.10294117647058824 0.140625
0 0.6070261437908497 0.287109375 0.08006535947712419 0.12890625
0 0.6552287581699346 0.4482421875 0.0784313725490196 0.107421875
0 0.6323529411764706 0.6962890625 0.058823529411764705 0.087890625
0 0.690359477124183 0.58203125 0.057189542483660136 0.07421875
0 0.698529411764706 0.234375 0.08333333333333334 0.11328125
0 0.7483660130718954 0.3125 0.05555555555555556 0.0703125
0 0.9019607843137255 0.458984375 0.058823529411764705 0.08203125
0 0.9338235294117647 0.4638671875 0.05392156862745098 0.087890625
0 0.948529411764706 0.384765625 0.06699346405228758 0.0859375
0 0.9452614379084968 0.34375 0.06372549019607843 0.05859375
0 0.9697712418300654 0.30859375 0.06045751633986928 0.11328125
