0 0.2549019607843137 0.4677734375 0.058823529411764705 0.111328125
0 0.35294117647058826 0.57421875 0.07516339869281045 0.109375
0 0.5718954248366013 0.7265625 0.06209150326797386 0.05859375
0 0.5678104575163399 0.775390625 0.06699346405228758 0.09375
0 0.7165032679738562 0.865234375 0.05392156862745098 0.0703125
0 0.28022875816993464 0.865234375 0.04411764705882353 0.078125
0 0.3178104575163399 0.8798828125 0.057189542483660136 0.072265625
0 0.19934640522875818 0.8994140625 0.042483660130718956 0.064453125
0 0.3962418300653595 0.865234375 0.04738562091503268 0.0625
0 0.41013071895424835 0.919921875 0.04575163398692811 0.05859375
0 0.4493464052287582 0.8994140625 0.05555555555555556 0.068359375
0 0.4714052287581699 0.943359375 0.04738562091503268 0.06640625
0 0.4795751633986928 0.8408203125 0.05392156862745098 0.064453125
0 0.4901960784313726 0.890625 0.0392156862745098 0.0546875
0 0.5531045751633987 0.8876953125 0.04411764705882353 0.060546875
0 0.31290849673202614 0.93359375 0.04738562091503268 0.0546875
0 0.35947712418300654 0.9365234375 0.049019607843137254 0.048828125
0 0.2900326797385621 0.974609375 0.04084967320261438 0.05078125
0 0.3357843137254902 0.974609375 0.05065359477124183 0.05078125
