0 0.11274509803921569 0.138671875 0.058823529411764705 0.0859375
0 0.20915032679738563 0.30859375 0.06535947712418301 0.078125
0 0.3553921568627451 0.2880859375 0.04738562091503268 0.076171875
0 0.3553921568627451 0.6845703125 0.05392156862745098 0.064453125
0 0.4444444444444445 0.6005859375 0.05555555555555556 0.080078125
0 0.4395424836601307 0.689453125 0.05555555555555556 0.06640625
0 0.4803921568627451 0.693359375 0.049019607843137254 0.0625
0 0.5040849673202614 0.5830078125 0.06045751633986928 0.080078125
0 0.5490196078431373 0.509765625 0.06209150326797386 0.07421875
0 0.573529411764706 0.421875 0.06862745098039216 0.0859375
0 0.6053921568627452 0.3935546875 0.04084967320261438 0.064453125
0 0.6266339869281046 0.4150390625 0.04084967320261438 0.060546875
0 0.7148692810457516 0.40234375 0.06699346405228758 0.07421875
0 0.7058823529411765 0.5341796875 0.05228758169934641 0.064453125
0 0.7826797385620915 0.5146484375 0.04575163398692811 0.068359375
0 0.7401960784313726 0.5546875 0.06209150326797386 0.0703125
0 0.7369281045751634 0.1298828125 0.05555555555555556 0.068359375
0 0.7761437908496732 0.138671875 0.06209150326797386 0.07421875
0 0.8897058823529412 0.123046875 0.06699346405228758 0.09375
0 0.8202614379084967 0.201171875 0.05555555555555556 0.078125
0 0.5433006535947713 0.9306640625 0.09640522875816994 0.107421875
0 0.9093137254901961 0.8876953125 0.07352941176470588 0.123046875
