0 0.22303921568627452 0.12890625 0.07026143790849673 0.06640625
0 0.5236928104575164 0.1396484375 0.06045751633986928 0.087890625
0 0.1454248366013072 0.3193359375 0.06862745098039216 0.080078125
0 0.18382352941176472 0.3515625 0.07026143790849673 0.08203125
0 0.11846405228758171 0.365234375 0.06699346405228758 0.08984375
0 0.49836601307189543 0.4033203125 0.07189542483660132 0.080078125
0 0.33169934640522875 0.4482421875 0.058823529411764705 0.068359375
0 0.3292483660130719 0.58203125 0.06699346405228758 0.0859375
0 0.21486928104575165 0.560546875 0.07026143790849673 0.08984375
0 0.2312091503267974 0.591796875 0.06372549019607843 0.0625
0 0.17238562091503268 0.630859375 0.06699346405228758 0.07421875
0 0.16666666666666669 0.673828125 0.07516339869281045 0.0703125
0 0.16993464052287582 0.748046875 0.05228758169934641 0.078125
0 0.13643790849673204 0.7607421875 0.06372549019607843 0.060546875
0 0.1315359477124183 0.7919921875 0.057189542483660136 0.060546875
0 0.1707516339869281 0.8720703125 0.057189542483660136 0.064453125
0 0.6299019607843137 0.396484375 0.06699346405228758 0.08203125
0 0.6870915032679739 0.50390625 0.08006535947712419 0.09765625
0 0.738562091503268 0.4560546875 0.09477124183006536 0.099609375
0 0.7998366013071896 0.5185546875 0.09313725490196079 0.099609375
0 0.8480392156862745 0.513671875 0.07516339869281045 0.10546875
0 0.5767973856209151 0.78515625 0.09803921568627451 0.1171875
0 0.5081699346405228 0.830078125 0.07189542483660132 0.09375
0 0.5269607843137255 0.953125 0.08006535947712419 0.09375
0 0.823529411764706 0.884765625 0.09477124183006536 0.12109375
