0 0.2549019607843137 0.1171875 0.08169934640522876 0.125
0 0.32107843137254904 0.4794921875 0.08986928104575163 0.099609375
0 0.14787581699346405 0.91796875 0.07026143790849673 0.09375
0 0.022875816993464054 0.859375 0.042483660130718956 0.08203125
0 0.3545751633986928 0.9462890625 0.08169934640522876 0.107421875
0 0.7246732026143791 0.9052734375 0.08660130718954248 0.103515625
0 0.7197712418300654 0.962890625 0.08660130718954248 0.0625
0 0.7532679738562091 0.6865234375 0.058823529411764705 0.091796875
0 0.7630718954248367 0.78125 0.06862745098039216 0.09765625
0 0.8709150326797386 0.8095703125 0.058823529411764705 0.095703125
0 0.03594771241830066 0.7861328125 0.05228758169934641 0.076171875
