0 0.07516339869281045 0.2412109375 0.06209150326797386 0.080078125
0 0.17238562091503268 0.3310546875 0.07679738562091504 0.107421875
0 0.23529411764705882 0.3056640625 0.08169934640522876 0.107421875
0 0.28104575163398693 0.33203125 0.0784313725490196 0.1015625
0 0.07352941176470588 0.6298828125 0.058823529411764705 0.076171875
0 0.08905228758169935 0.91015625 0.06372549019607843 0.08984375
0 0.13725490196078433 0.8974609375 0.07189542483660132 0.076171875
0 0.3553921568627451 0.53125 0.08660130718954248 0.1171875
0 0.41258169934640526 0.4873046875 0.07352941176470588 0.123046875
0 0.2720588235294118 0.755859375 0.07352941176470588 0.09375
0 0.3243464052287582 0.9736328125 0.08986928104575163 0.052734375
0 0.6911764705882353 0.046875 0.08496732026143791 0.08984375
0 0.8897058823529412 0.0830078125 0.08006535947712419 0.111328125
0 0.8586601307189543 0.1669921875 0.08660130718954248 0.115234375
0 0.9044117647058824 0.7666015625 0.07026143790849673 0.095703125
0 0.8676470588235294 0.8369140625 0.07516339869281045 0.091796875
