0 0.5220588235294118 0.158203125 0.08333333333333334 0.09765625
0 0.20179738562091504 0.2861328125 0.06045751633986928 0.103515625
0 0.24754901960784315 0.353515625 0.09313725490196079 0.11328125
0 0.022058823529411766 0.494140625 0.04084967320261438 0.12890625
0 0.05065359477124183 0.8095703125 0.09150326797385622 0.134765625
0 0.1854575163398693 0.83984375 0.08333333333333334 0.1171875
0 0.18300653594771243 0.8876953125 0.08823529411764706 0.103515625
0 0.26062091503267976 0.814453125 0.05065359477124183 0.109375
0 0.43300653594771243 0.740234375 0.08496732026143791 0.12109375
0 0.6560457516339869 0.4775390625 0.07679738562091504 0.107421875
0 0.8063725490196079 0.599609375 0.08660130718954248 0.12109375
0 0.829248366013072 0.7255859375 0.057189542483660136 0.080078125
0 0.823529411764706 0.81640625 0.04575163398692811 0.07421875
0 0.9493464052287582 0.70703125 0.04575163398692811 0.0625
0 0.9763071895424837 0.6435546875 0.04738562091503268 0.080078125
0 0.8063725490196079 0.359375 0.07679738562091504 0.109375
0 0.8774509803921569 0.3642578125 0.08496732026143791 0.103515625
0 0.8447712418300654 0.4072265625 0.06209150326797386 0.072265625
0 0.8651960784313726 0.28125 0.07026143790849673 0.08203125
