0 0.10702614379084968 0.0458984375 0.08333333333333334 0.087890625
0 0.13725490196078433 0.15234375 0.0784313725490196 0.12109375
0 0.09150326797385622 0.2158203125 0.09803921568627451 0.115234375
0 0.1919934640522876 0.412109375 0.09640522875816994 0.125
0 0.07516339869281045 0.8427734375 0.09803921568627451 0.134765625
0 0.352124183006536 0.3408203125 0.08986928104575163 0.115234375
0 0.45179738562091504 0.1962890625 0.09313725490196079 0.123046875
0 0.5122549019607844 0.1708984375 0.06045751633986928 0.083984375
0 0.6143790849673203 0.3046875 0.06862745098039216 0.08203125
0 0.5547385620915033 0.654296875 0.06699346405228758 0.06640625
0 0.7516339869281046 0.876953125 0.06862745098039216 0.109375
0 0.8880718954248367 0.73046875 0.05392156862745098 0.078125
0 0.9656862745098039 0.759765625 0.06862745098039216 0.0859375
