0 0.22794117647058823 0.2734375 0.08006535947712419 0.1171875
0 0.2834967320261438 0.1767578125 0.07352941176470588 0.095703125
0 0.3047385620915033 0.380859375 0.07679738562091504 0.125
0 0.3790849673202614 0.3525390625 0.08169934640522876 0.095703125
0 0.5359477124183006 0.3349609375 0.08823529411764706 0.126953125
0 0.47794117647058826 0.091796875 0.07026143790849673 0.11328125
0 0.6127450980392157 0.1953125 0.07516339869281045 0.125
0 0.6633986928104575 0.0419921875 0.08823529411764706 0.080078125
0 0.7222222222222222 0.0927734375 0.09803921568627451 0.130859375
0 0.798202614379085 0.15625 0.09313725490196079 0.1328125
