0 0.04330065359477124 0.078125 0.06699346405228758 0.0859375
0 0.08006535947712419 0.1240234375 0.07189542483660132 0.095703125
0 0.06045751633986928 0.234375 0.058823529411764705 0.0859375
0 0.16666666666666669 0.388671875 0.058823529411764705 0.0625
0 0.16339869281045752 0.150390625 0.058823529411764705 0.0546875
0 0.19281045751633988 0.4482421875 0.05228758169934641 0.064453125
0 0.119281045751634 0.5673828125 0.06209150326797386 0.076171875
0 0.07189542483660132 0.626953125 0.05228758169934641 0.08984375
0 0.18709150326797386 0.63671875 0.04738562091503268 0.07421875
0 0.1503267973856209 0.6552734375 0.049019607843137254 0.064453125
0 0.18709150326797386 0.697265625 0.05392156862745098 0.0625
0 0.2728758169934641 0.4814453125 0.042483660130718956 0.068359375
0 0.30228758169934644 0.5029296875 0.0392156862745098 0.048828125
0 0.411764705882353 0.642578125 0.05228758169934641 0.0703125
0 0.3504901960784314 0.7353515625 0.04738562091503268 0.068359375
0 0.45098039215686275 0.3603515625 0.05228758169934641 0.056640625
0 0.5465686274509804 0.0732421875 0.04738562091503268 0.064453125
