0 0.41911764705882354 0.0810546875 0.06372549019607843 0.087890625
0 0.2696078431372549 0.1484375 0.05555555555555556 0.0703125
0 0.4901960784313726 0.1669921875 0.06862745098039216 0.087890625
0 0.5277777777777778 0.2314453125 0.06209150326797386 0.095703125
0 0.244281045751634 0.59375 0.07352941176470588 0.12109375
0 0.16176470588235295 0.6083984375 0.05555555555555556 0.115234375
0 0.33986928104575165 0.7421875 0.06209150326797386 0.09375
0 0.5269607843137255 0.544921875 0.04411764705882353 0.078125
0 0.477124183006536 0.7080078125 0.0784313725490196 0.095703125
0 0.41258169934640526 0.6884765625 0.05392156862745098 0.056640625
0 0.35294117647058826 0.8359375 0.06209150326797386 0.078125
0 0.40522875816993464 0.8203125 0.08169934640522876 0.12109375
