0 0.12826797385620917 0.185546875 0.08333333333333334 0.109375
0 0.09885620915032681 0.2607421875 0.07352941176470588 0.115234375
0 0.04738562091503268 0.255859375 0.06862745098039216 0.125
0 0.02696078431372549 0.2919921875 0.04738562091503268 0.107421875
0 0.24591503267973858 0.248046875 0.07679738562091504 0.10546875
0 0.3112745098039216 0.259765625 0.07679738562091504 0.10546875
0 0.35784313725490197 0.146484375 0.09150326797385622 0.12109375
0 0.45669934640522875 0.1279296875 0.07026143790849673 0.119140625
0 0.7058823529411765 0.2265625 0.09150326797385622 0.12109375
0 0.7336601307189543 0.302734375 0.09803921568627451 0.10546875
0 0.7834967320261438 0.26953125 0.06699346405228758 0.11328125
0 0.5890522875816994 0.20703125 0.07352941176470588 0.06640625
0 0.3709150326797386 0.73828125 0.058823529411764705 0.09375
0 0.4158496732026144 0.7275390625 0.06045751633986928 0.076171875
0 0.619281045751634 0.775390625 0.06209150326797386 0.08203125
0 0.6642156862745098 0.73828125 0.057189542483660136 0.07421875
0 0.7532679738562091 0.5830078125 0.049019607843137254 0.072265625
0 0.8047385620915033 0.6015625 0.06045751633986928 0.08203125
0 0.8300653594771242 0.70703125 0.049019607843137254 0.0625
0 0.9795751633986929 0.4990234375 0.04084967320261438 0.080078125
0 0.9281045751633987 0.84375 0.06862745098039216 0.08203125
