0 0.05310457516339869 0.041015625 0.07352941176470588 0.078125
0 0.1576797385620915 0.05859375 0.08333333333333334 0.1015625
0 0.25653594771241833 0.228515625 0.08496732026143791 0.125
0 0.2785947712418301 0.45703125 0.08986928104575163 0.13671875
0 0.375 0.4150390625 0.10294117647058824 0.126953125
0 0.3357843137254902 0.30078125 0.06699346405228758 0.109375
0 0.3897058823529412 0.212890625 0.09313725490196079 0.1328125
0 0.505718954248366 0.556640625 0.09313725490196079 0.125
0 0.6772875816993464 0.380859375 0.07679738562091504 0.1328125
0 0.732843137254902 0.365234375 0.06372549019607843 0.12109375
0 0.6797385620915033 0.0419921875 0.07516339869281045 0.080078125
0 0.7843137254901961 0.0556640625 0.04575163398692811 0.083984375
0 0.8848039215686275 0.123046875 0.07352941176470588 0.109375
