0 0.37745098039215685 0.4951171875 0.05555555555555556 0.076171875
0 0.47058823529411764 0.615234375 0.06862745098039216 0.078125
0 0.48284313725490197 0.6630859375 0.04738562091503268 0.064453125
0 0.5220588235294118 0.689453125 0.05065359477124183 0.09765625
0 0.10457516339869281 0.736328125 0.05555555555555556 0.078125
0 0.04575163398692811 0.759765625 0.049019607843137254 0.078125
0 0.015522875816993464 0.7548828125 0.02777777777777778 0.095703125
0 0.5923202614379085 0.806640625 0.05065359477124183 0.07421875
0 0.625 0.7685546875 0.06699346405228758 0.083984375
0 0.7687908496732027 0.7080078125 0.04084967320261438 0.064453125
