0 0.22222222222222224 0.1669921875 0.05228758169934641 0.076171875
0 0.18137254901960784 0.1796875 0.042483660130718956 0.0625
0 0.12908496732026145 0.3291015625 0.05555555555555556 0.083984375
0 0.18218954248366015 0.4833984375 0.07026143790849673 0.091796875
0 0.1380718954248366 0.6298828125 0.05392156862745098 0.072265625
0 0.5098039215686274 0.1015625 0.05228758169934641 0.07421875
0 0.49101307189542487 0.193359375 0.05392156862745098 0.0703125
0 0.5277777777777778 0.2255859375 0.05228758169934641 0.080078125
0 0.6323529411764706 0.5576171875 0.06209150326797386 0.087890625
0 0.6233660130718954 0.8466796875 0.06372549019607843 0.103515625
0 0.7753267973856209 0.908203125 0.057189542483660136 0.0703125
0 0.934640522875817 0.69921875 0.06862745098039216 0.07421875
