0 0.09885620915032681 0.3798828125 0.07679738562091504 0.099609375
0 0.3423202614379085 0.400390625 0.07026143790849673 0.09375
0 0.31209150326797386 0.611328125 0.0784313725490196 0.0859375
0 0.5032679738562091 0.6572265625 0.07516339869281045 0.072265625
0 0.4901960784313726 0.3837890625 0.06862745098039216 0.083984375
0 0.49101307189542487 0.4296875 0.06372549019607843 0.06640625
0 0.5106209150326797 0.482421875 0.07026143790849673 0.07421875
0 0.5392156862745098 0.462890625 0.06535947712418301 0.078125
0 0.6176470588235294 0.5029296875 0.058823529411764705 0.064453125
0 0.6143790849673203 0.59375 0.07516339869281045 0.078125
0 0.6919934640522876 0.4130859375 0.06699346405228758 0.080078125
0 0.8390522875816994 0.2041015625 0.07679738562091504 0.099609375
0 0.9076797385620915 0.2919921875 0.08333333333333334 0.115234375
