0 0.22140522875816995 0.787109375 0.08006535947712419 0.10546875
0 0.20833333333333334 0.0888671875 0.05392156862745098 0.072265625
0 0.9566993464052288 0.19140625 0.07026143790849673 0.0859375
0 0.428921568627451 0.6103515625 0.07352941176470588 0.091796875
0 0.4109477124183007 0.7900390625 0.07352941176470588 0.091796875
0 0.4754901960784314 0.697265625 0.06862745098039216 0.1015625
0 0.488562091503268 0.5595703125 0.07516339869281045 0.099609375
0 0.5563725490196079 0.7109375 0.06372549019607843 0.078125
0 0.5833333333333334 0.6162109375 0.06209150326797386 0.107421875
0 0.6372549019607844 0.625 0.06862745098039216 0.09765625
0 0.6405228758169935 0.6982421875 0.058823529411764705 0.072265625
0 0.619281045751634 0.734375 0.08496732026143791 0.109375
