0 0.4526143790849673 0.3974609375 0.06535947712418301 0.060546875
0 0.3357843137254902 0.4345703125 0.05392156862745098 0.072265625
0 0.06372549019607843 0.90234375 0.07189542483660132 0.078125
0 0.016339869281045753 0.921875 0.029411764705882353 0.0703125
0 0.09885620915032681 0.953125 0.05065359477124183 0.0546875
0 0.20669934640522877 0.9658203125 0.07026143790849673 0.068359375
0 0.32516339869281047 0.91796875 0.06535947712418301 0.09375
0 0.3962418300653595 0.79296875 0.06045751633986928 0.08203125
0 0.5808823529411765 0.7099609375 0.07352941176470588 0.095703125
0 0.5457516339869282 0.75390625 0.08823529411764706 0.08984375
0 0.6160130718954249 0.8896484375 0.08823529411764706 0.087890625
