0 0.440359477124183 0.33984375 0.05392156862745098 0.078125
0 0.505718954248366 0.380859375 0.11274509803921569 0.11328125
0 0.5147058823529412 0.4716796875 0.10457516339869281 0.126953125
0 0.4820261437908497 0.6630859375 0.08496732026143791 0.111328125
0 0.9436274509803921 0.3447265625 0.09313725490196079 0.107421875
0 0.8243464052287582 0.4287109375 0.07679738562091504 0.076171875
0 0.619281045751634 0.6044921875 0.07189542483660132 0.072265625
0 0.6029411764705882 0.671875 0.08169934640522876 0.10546875
0 0.6552287581699346 0.68359375 0.07516339869281045 0.08984375
0 0.6993464052287582 0.7275390625 0.09477124183006536 0.107421875
0 0.6290849673202614 0.8193359375 0.08169934640522876 0.099609375
0 0.9583333333333334 0.5390625 0.08333333333333334 0.12890625
