0 0.7246732026143791 0.59375 0.10620915032679738 0.12109375
0 0.5187908496732027 0.7744140625 0.08986928104575163 0.095703125
0 0.46895424836601307 0.8544921875 0.08823529411764706 0.103515625
0 0.513888888888889 0.92578125 0.08333333333333334 0.0859375
0 0.5359477124183006 0.845703125 0.058823529411764705 0.07421875
0 0.5849673202614379 0.83984375 0.058823529411764705 0.0859375
0 0.625 0.833984375 0.07679738562091504 0.1015625
0 0.7794117647058824 0.8955078125 0.09477124183006536 0.134765625
0 0.6241830065359477 0.92578125 0.0784313725490196 0.08984375
0 0.8218954248366014 0.783203125 0.08169934640522876 0.11328125
0 0.8643790849673203 0.728515625 0.06862745098039216 0.10546875
0 0.9656862745098039 0.865234375 0.05555555555555556 0.08203125
0 0.9223856209150327 0.8837890625 0.05392156862745098 0.091796875
0 0.45669934640522875 0.7373046875 0.05065359477124183 0.068359375
