0 0.32598039215686275 0.857421875 0.05392156862745098 0.078125
0 0.1854575163398693 0.8212890625 0.06045751633986928 0.083984375
0 0.24673202614379086 0.798828125 0.07189542483660132 0.0859375
0 0.1968954248366013 0.7333984375 0.07679738562091504 0.103515625
0 0.05228758169934641 0.6025390625 0.06535947712418301 0.103515625
0 0.3055555555555556 0.708984375 0.07516339869281045 0.1015625
0 0.3880718954248366 0.6455078125 0.06699346405228758 0.095703125
0 0.607843137254902 0.703125 0.06862745098039216 0.08984375
0 0.4746732026143791 0.5205078125 0.07352941176470588 0.095703125
0 0.4419934640522876 0.4365234375 0.06372549019607843 0.091796875
0 0.6552287581699346 0.396484375 0.058823529411764705 0.078125
0 0.2638888888888889 0.5146484375 0.08006535947712419 0.107421875
0 0.7336601307189543 0.3115234375 0.058823529411764705 0.076171875
0 0.8709150326797386 0.1630859375 0.058823529411764705 0.068359375
0 0.7091503267973857 0.2216796875 0.05555555555555556 0.068359375
0 0.7230392156862745 0.158203125 0.05392156862745098 0.078125
0 0.7524509803921569 0.1220703125 0.05065359477124183 0.072265625
0 0.6331699346405228 0.158203125 0.06045751633986928 0.078125
0 0.6348039215686274 0.029296875 0.06699346405228758 0.0546875
0 0.5392156862745098 0.0712890625 0.049019607843137254 0.091796875
0 0.01715686274509804 0.4208984375 0.03104575163398693 0.083984375
0 0.022058823529411766 0.3173828125 0.04084967320261438 0.107421875
0 0.3496732026143791 0.2734375 0.07516339869281045 0.1015625
0 0.31209150326797386 0.2958984375 0.05555555555555556 0.080078125
