0 0.28758169934640526 0.375 0.0784313725490196 0.125
0 0.34477124183006536 0.51171875 0.08169934640522876 0.11328125
0 0.026143790849673203 0.7060546875 0.049019607843137254 0.126953125
0 0.41748366013071897 0.6953125 0.07352941176470588 0.08984375
0 0.40522875816993464 0.7568359375 0.06209150326797386 0.083984375
0 0.4681372549019608 0.80859375 0.07026143790849673 0.09375
0 0.11356209150326797 0.76953125 0.08986928104575163 0.09375
0 0.10375816993464053 0.845703125 0.09967320261437909 0.1171875
0 0.0661764705882353 0.919921875 0.08006535947712419 0.1015625
0 0.25163398692810457 0.9228515625 0.09803921568627451 0.115234375
