0 0.7483660130718954 0.3232421875 0.06209150326797386 0.076171875
0 0.7001633986928105 0.3408203125 0.04738562091503268 0.080078125
0 0.6356209150326798 0.4091796875 0.06209150326797386 0.076171875
0 0.5972222222222222 0.4443359375 0.06372549019607843 0.076171875
0 0.6274509803921569 0.5380859375 0.06862745098039216 0.083984375
0 0.6070261437908497 0.603515625 0.07352941176470588 0.078125
0 0.7116013071895425 0.587890625 0.06699346405228758 0.08203125
0 0.6560457516339869 0.8525390625 0.057189542483660136 0.072265625
0 0.4550653594771242 0.775390625 0.06699346405228758 0.05859375
0 0.9550653594771242 0.7431640625 0.07026143790849673 0.083984375
