0 0.19444444444444445 0.37109375 0.0784313725490196 0.1015625
0 0.06454248366013073 0.849609375 0.08660130718954248 0.1171875
0 0.026143790849673203 0.34375 0.04575163398692811 0.078125
0 0.08905228758169935 0.1240234375 0.06045751633986928 0.072265625
0 0.08088235294117647 0.072265625 0.05065359477124183 0.0546875
0 0.06699346405228758 0.0283203125 0.06862745098039216 0.052734375
0 0.22957516339869283 0.068359375 0.05392156862745098 0.0546875
0 0.18627450980392157 0.203125 0.049019607843137254 0.078125
0 0.22794117647058823 0.2119140625 0.04411764705882353 0.060546875
0 0.3562091503267974 0.125 0.05555555555555556 0.07421875
0 0.39215686274509803 0.2080078125 0.05228758169934641 0.072265625
0 0.4803921568627451 0.1474609375 0.08496732026143791 0.103515625
0 0.5187908496732027 0.2275390625 0.06372549019607843 0.083984375
0 0.6021241830065359 0.1591796875 0.06699346405228758 0.087890625
0 0.6601307189542484 0.060546875 0.06535947712418301 0.08203125
0 0.6429738562091504 0.216796875 0.07026143790849673 0.09375
0 0.6691176470588236 0.1533203125 0.07026143790849673 0.087890625
0 0.7083333333333334 0.1767578125 0.04411764705882353 0.083984375
0 0.8684640522875817 0.6484375 0.07026143790849673 0.09375
0 0.9215686274509804 0.1767578125 0.06862745098039216 0.103515625
0 0.9591503267973857 0.2734375 0.08169934640522876 0.109375
