0 0.08088235294117647 0.2109375 0.07352941176470588 0.09375
0 0.17238562091503268 0.0341796875 0.08333333333333334 0.064453125
0 0.10457516339869281 0.4052734375 0.09150326797385622 0.107421875
0 0.39052287581699346 0.2275390625 0.05555555555555556 0.087890625
0 0.3415032679738562 0.3125 0.07189542483660132 0.09765625
0 0.40522875816993464 0.328125 0.07516339869281045 0.1015625
0 0.49183006535947715 0.5634765625 0.05228758169934641 0.064453125
0 0.5098039215686274 0.5986328125 0.06209150326797386 0.087890625
0 0.4959150326797386 0.7275390625 0.05392156862745098 0.068359375
0 0.2377450980392157 0.830078125 0.06045751633986928 0.08203125
0 0.2434640522875817 0.9287109375 0.06535947712418301 0.064453125
0 0.31209150326797386 0.8564453125 0.08496732026143791 0.080078125
0 0.2965686274509804 0.9619140625 0.08006535947712419 0.076171875
0 0.9689542483660131 0.10546875 0.06209150326797386 0.10546875
