0 0.03104575163398693 0.3662109375 0.058823529411764705 0.126953125
0 0.1593137254901961 0.4404296875 0.09313725490196079 0.115234375
0 0.32107843137254904 0.3486328125 0.09313725490196079 0.087890625
0 0.47875816993464054 0.353515625 0.06209150326797386 0.08984375
0 0.5351307189542484 0.2724609375 0.06372549019607843 0.080078125
0 0.23202614379084968 0.560546875 0.08496732026143791 0.109375
0 0.3088235294117647 0.56640625 0.08496732026143791 0.10546875
0 0.23202614379084968 0.703125 0.07189542483660132 0.08984375
0 0.25163398692810457 0.7724609375 0.07516339869281045 0.083984375
0 0.29411764705882354 0.73828125 0.08169934640522876 0.0859375
0 0.3366013071895425 0.6591796875 0.058823529411764705 0.072265625
0 0.41748366013071897 0.5556640625 0.07352941176470588 0.091796875
0 0.4803921568627451 0.494140625 0.08169934640522876 0.09375
0 0.4305555555555556 0.6220703125 0.06372549019607843 0.072265625
0 0.46568627450980393 0.7216796875 0.09150326797385622 0.115234375
0 0.8374183006535948 0.3515625 0.09967320261437909 0.12890625
0 0.8594771241830066 0.43359375 0.08823529411764706 0.08984375
0 0.8488562091503268 0.6591796875 0.08006535947712419 0.099609375
0 0.7745098039215687 0.7578125 0.08823529411764706 0.09765625
0 0.869281045751634 0.76171875 0.09803921568627451 0.1171875
0 0.9566993464052288 0.1123046875 0.06045751633986928 0.064453125
