0 0.07026143790849673 0.712890625 0.06862745098039216 0.11328125
0 0.22140522875816995 0.6474609375 0.057189542483660136 0.068359375
0 0.22794117647058823 0.6904296875 0.05065359477124183 0.056640625
0 0.17401960784313725 0.0556640625 0.05392156862745098 0.083984375
0 0.2058823529411765 0.08203125 0.058823529411764705 0.08203125
0 0.22140522875816995 0.1904296875 0.057189542483660136 0.076171875
0 0.4812091503267974 0.140625 0.057189542483660136 0.078125
0 0.4150326797385621 0.7041015625 0.07189542483660132 0.076171875
0 0.40604575163398693 0.787109375 0.07026143790849673 0.09375
0 0.4485294117647059 0.8388671875 0.06699346405228758 0.099609375
0 0.4084967320261438 0.890625 0.06862745098039216 0.09375
0 0.3562091503267974 0.8935546875 0.06535947712418301 0.099609375
0 0.5089869281045751 0.923828125 0.08006535947712419 0.09375
0 0.5996732026143791 0.8681640625 0.0784313725490196 0.091796875
0 0.5816993464052288 0.9189453125 0.06862745098039216 0.095703125
0 0.619281045751634 0.51171875 0.058823529411764705 0.08203125
0 0.6470588235294118 0.640625 0.06535947712418301 0.09375
0 0.6895424836601307 0.4931640625 0.06862745098039216 0.095703125
0 0.7303921568627452 0.4150390625 0.06535947712418301 0.076171875
0 0.7516339869281046 0.474609375 0.06862745098039216 0.08984375
0 0.9468954248366014 0.39453125 0.05392156862745098 0.07421875
0 0.8504901960784313 0.6513671875 0.05065359477124183 0.087890625
0 0.9142156862745099 0.71484375 0.05065359477124183 0.0703125
0 0.9673202614379085 0.7158203125 0.05228758169934641 0.068359375
