0 0.29330065359477125 0.4931640625 0.05392156862745098 0.080078125
0 0.1772875816993464 0.5751953125 0.05392156862745098 0.068359375
0 0.3839869281045752 0.751953125 0.06535947712418301 0.078125
0 0.565359477124183 0.7646484375 0.06209150326797386 0.068359375
0 0.6993464052287582 0.7900390625 0.058823529411764705 0.056640625
0 0.7892156862745098 0.4853515625 0.058823529411764705 0.080078125
0 0.8251633986928105 0.310546875 0.06209150326797386 0.0859375
0 0.8995098039215687 0.2890625 0.06372549019607843 0.07421875
0 0.8897058823529412 0.6650390625 0.05392156862745098 0.076171875
0 0.7990196078431373 0.7490234375 0.04575163398692811 0.064453125
0 0.8864379084967321 0.73046875 0.05065359477124183 0.0703125
0 0.8415032679738562 0.8095703125 0.058823529411764705 0.072265625
0 0.8594771241830066 0.845703125 0.042483660130718956 0.0625
0 0.8978758169934641 0.8671875 0.04084967320261438 0.07421875
0 0.9248366013071896 0.865234375 0.03594771241830066 0.06640625
0 0.9264705882352942 0.9306640625 0.0392156862745098 0.068359375
0 0.940359477124183 0.9736328125 0.05065359477124183 0.044921875
0 0.9566993464052288 0.908203125 0.04084967320261438 0.0625
