0 0.09150326797385622 0.5986328125 0.04575163398692811 0.060546875
0 0.06944444444444445 0.6572265625 0.04738562091503268 0.080078125
0 0.0784313725490196 0.90234375 0.058823529411764705 0.08203125
0 0.049019607843137254 0.9306640625 0.049019607843137254 0.080078125
0 0.16666666666666669 0.849609375 0.05555555555555556 0.0546875
0 0.16830065359477125 0.8876953125 0.07189542483660132 0.060546875
0 0.28431372549019607 0.9091796875 0.07516339869281045 0.087890625
0 0.3684640522875817 0.7333984375 0.06699346405228758 0.087890625
0 0.3831699346405229 0.8515625 0.05065359477124183 0.07421875
0 0.46977124183006536 0.720703125 0.06699346405228758 0.08984375
0 0.5849673202614379 0.9462890625 0.08169934640522876 0.083984375
0 0.667483660130719 0.521484375 0.057189542483660136 0.0703125
0 0.815359477124183 0.7890625 0.09803921568627451 0.09375
0 0.8848039215686275 0.810546875 0.06372549019607843 0.078125
