0 0.20098039215686275 0.705078125 0.08169934640522876 0.09375
0 0.25 0.716796875 0.05555555555555556 0.08203125
0 0.34477124183006536 0.7080078125 0.05555555555555556 0.091796875
0 0.37663398692810457 0.6376953125 0.08006535947712419 0.087890625
0 0.428921568627451 0.384765625 0.06699346405228758 0.09765625
0 0.8839869281045752 0.884765625 0.05555555555555556 0.08984375
0 0.5016339869281046 0.8935546875 0.06209150326797386 0.087890625
0 0.7941176470588236 0.3984375 0.06209150326797386 0.08203125
0 0.6977124183006537 0.283203125 0.07189542483660132 0.10546875
0 0.5114379084967321 0.2490234375 0.058823529411764705 0.080078125
0 0.8071895424836601 0.0419921875 0.0784313725490196 0.080078125
