0 0.16993464052287582 0.431640625 0.07189542483660132 0.10546875
0 0.11519607843137256 0.6669921875 0.07026143790849673 0.111328125
0 0.06862745098039216 0.71875 0.06209150326797386 0.09765625
0 0.12826797385620917 0.8251953125 0.06699346405228758 0.099609375
0 0.03839869281045752 0.86328125 0.06045751633986928 0.109375
0 0.016339869281045753 0.72265625 0.029411764705882353 0.09375
0 0.4534313725490196 0.068359375 0.07352941176470588 0.07421875
0 0.48366013071895425 0.12109375 0.06862745098039216 0.109375
0 0.5204248366013072 0.056640625 0.06699346405228758 0.09375
0 0.6037581699346405 0.154296875 0.06699346405228758 0.10546875
0 0.7181372549019608 0.1669921875 0.08006535947712419 0.111328125
