0 0.20506535947712418 0.787109375 0.10947712418300654 0.13671875
0 0.3643790849673203 0.767578125 0.08823529411764706 0.1015625
0 0.38071895424836605 0.8203125 0.10784313725490197 0.1328125
0 0.45833333333333337 0.8466796875 0.08986928104575163 0.115234375
0 0.22303921568627452 0.2861328125 0.10620915032679738 0.123046875
0 0.36764705882352944 0.2822265625 0.09803921568627451 0.107421875
0 0.07434640522875817 0.107421875 0.08986928104575163 0.1171875
0 0.08741830065359478 0.0390625 0.06372549019607843 0.07421875
0 0.1519607843137255 0.0546875 0.08496732026143791 0.10546875
0 0.2949346405228758 0.0556640625 0.10620915032679738 0.107421875
0 0.35947712418300654 0.0693359375 0.10457516339869281 0.130859375
0 0.4387254901960784 0.10546875 0.10947712418300654 0.16796875
0 0.4852941176470588 0.201171875 0.10130718954248366 0.10546875
0 0.494281045751634 0.244140625 0.09967320261437909 0.12109375
0 0.5318627450980392 0.2919921875 0.08986928104575163 0.123046875
0 0.5743464052287582 0.19140625 0.08333333333333334 0.1171875
0 0.6462418300653595 0.119140625 0.09967320261437909 0.12890625
0 0.6151960784313726 0.271484375 0.09640522875816994 0.1328125
