0 0.05310457516339869 0.1044921875 0.07679738562091504 0.091796875
0 0.21405228758169936 0.0986328125 0.06862745098039216 0.087890625
0 0.18055555555555555 0.1748046875 0.09313725490196079 0.107421875
0 0.1593137254901961 0.2880859375 0.09313725490196079 0.115234375
0 0.125 0.4541015625 0.09967320261437909 0.111328125
0 0.1593137254901961 0.5654296875 0.09967320261437909 0.119140625
0 0.49183006535947715 0.44140625 0.08496732026143791 0.1015625
0 0.29248366013071897 0.615234375 0.05555555555555556 0.0703125
0 0.23366013071895425 0.671875 0.10457516339869281 0.11328125
0 0.0923202614379085 0.73046875 0.06372549019607843 0.0859375
0 0.04166666666666667 0.7861328125 0.08006535947712419 0.115234375
0 0.1323529411764706 0.7998046875 0.09477124183006536 0.107421875
0 0.20016339869281047 0.814453125 0.07679738562091504 0.09765625
0 0.32189542483660133 0.9716796875 0.06862745098039216 0.056640625
0 0.32516339869281047 0.8076171875 0.0784313725490196 0.083984375
0 0.5 0.70703125 0.09150326797385622 0.10546875
0 0.43790849673202614 0.845703125 0.06209150326797386 0.08203125
0 0.4493464052287582 0.7880859375 0.05555555555555556 0.080078125
0 0.505718954248366 0.787109375 0.06699346405228758 0.078125
0 0.6225490196078431 0.50390625 0.06209150326797386 0.09375
0 0.6282679738562091 0.5458984375 0.06045751633986928 0.072265625
0 0.6944444444444444 0.6630859375 0.06535947712418301 0.083984375
0 0.8553921568627452 0.2685546875 0.07679738562091504 0.099609375
0 0.9133986928104575 0.2587890625 0.07189542483660132 0.095703125
0 0.8741830065359477 0.3544921875 0.04575163398692811 0.048828125
0 0.9223856209150327 0.1572265625 0.06699346405228758 0.087890625
0 0.9370915032679739 0.09375 0.07026143790849673 0.078125
0 0.8570261437908497 0.0234375 0.06699346405228758 0.04296875
