0 0.058823529411764705 0.1025390625 0.0784313725490196 0.099609375
0 0.11601307189542484 0.10546875 0.08169934640522876 0.11328125
0 0.16176470588235295 0.0498046875 0.0784313725490196 0.095703125
0 0.2679738562091503 0.2265625 0.05555555555555556 0.0859375
0 0.3194444444444445 0.521484375 0.07679738562091504 0.10546875
0 0.32026143790849676 0.6982421875 0.05555555555555556 0.099609375
0 0.3088235294117647 0.8505859375 0.08496732026143791 0.095703125
0 0.2908496732026144 0.904296875 0.0784313725490196 0.109375
0 0.5816993464052288 0.669921875 0.0784313725490196 0.11328125
0 0.6462418300653595 0.64453125 0.06699346405228758 0.09765625
0 0.6446078431372549 0.9560546875 0.08006535947712419 0.083984375
0 0.8733660130718954 0.8056640625 0.08660130718954248 0.115234375
0 0.6584967320261438 0.3076171875 0.07516339869281045 0.083984375
0 0.6503267973856209 0.3466796875 0.0784313725490196 0.076171875
0 0.7034313725490197 0.271484375 0.06372549019607843 0.1015625
0 0.5261437908496732 0.177734375 0.05555555555555556 0.07421875
0 0.4281045751633987 0.2060546875 0.07189542483660132 0.111328125
0 0.35866013071895425 0.041015625 0.08660130718954248 0.078125
0 0.47875816993464054 0.125 0.07189542483660132 0.09375
0 0.5220588235294118 0.1240234375 0.04411764705882353 0.068359375
0 0.8619281045751634 0.0634765625 0.06045751633986928 0.076171875
