0 0.10130718954248366 0.71484375 0.05555555555555556 0.078125
0 0.13398692810457516 0.8037109375 0.05228758169934641 0.044921875
0 0.17892156862745098 0.7841796875 0.07026143790849673 0.087890625
0 0.7132352941176471 0.3662109375 0.06045751633986928 0.083984375
0 0.5718954248366013 0.4033203125 0.04575163398692811 0.072265625
0 0.49101307189542487 0.3916015625 0.05065359477124183 0.080078125
0 0.4362745098039216 0.6904296875 0.06209150326797386 0.091796875
0 0.4011437908496732 0.71875 0.05065359477124183 0.05078125
0 0.37745098039215685 0.763671875 0.05555555555555556 0.08984375
0 0.4395424836601307 0.8583984375 0.05555555555555556 0.080078125
0 0.3758169934640523 0.8525390625 0.049019607843137254 0.099609375
0 0.4754901960784314 0.9287109375 0.05555555555555556 0.080078125
0 0.6372549019607844 0.8603515625 0.07516339869281045 0.095703125
0 0.7075163398692811 0.9091796875 0.06209150326797386 0.091796875
0 0.7540849673202614 0.8994140625 0.06699346405228758 0.080078125
0 0.8602941176470589 0.9443359375 0.08660130718954248 0.103515625
0 0.9681372549019608 0.8740234375 0.06372549019607843 0.095703125
0 0.2957516339869281 0.48046875 0.03594771241830066 0.05078125
