0 0.17238562091503268 0.1103515625 0.08006535947712419 0.111328125
0 0.10457516339869281 0.15625 0.05555555555555556 0.08203125
0 0.03022875816993464 0.1591796875 0.05392156862745098 0.072265625
0 0.3374183006535948 0.1689453125 0.08660130718954248 0.130859375
0 0.3643790849673203 0.04296875 0.09150326797385622 0.08203125
0 0.4011437908496732 0.94140625 0.06372549019607843 0.08984375
0 0.5383986928104575 0.15234375 0.07352941176470588 0.109375
0 0.8022875816993464 0.0888671875 0.06209150326797386 0.080078125
0 0.9730392156862745 0.1005859375 0.05392156862745098 0.103515625
0 0.8415032679738562 0.2373046875 0.058823529411764705 0.095703125
0 0.9027777777777778 0.2353515625 0.08006535947712419 0.091796875
0 0.8995098039215687 0.2900390625 0.07352941176470588 0.056640625
0 0.8978758169934641 0.3369140625 0.06372549019607843 0.064453125
0 0.698529411764706 0.935546875 0.10620915032679738 0.125
0 0.9689542483660131 0.8076171875 0.06209150326797386 0.111328125
0 0.9060457516339869 0.8369140625 0.08986928104575163 0.068359375
0 0.8627450980392157 0.9560546875 0.07516339869281045 0.087890625
0 0.9436274509803921 0.9755859375 0.09640522875816994 0.048828125
