0 0.2181372549019608 0.2138671875 0.08660130718954248 0.087890625
0 0.08088235294117647 0.111328125 0.06372549019607843 0.09765625
0 0.09885620915032681 0.3798828125 0.08333333333333334 0.083984375
0 0.08088235294117647 0.451171875 0.09313725490196079 0.08984375
0 0.18218954248366015 0.8095703125 0.07026143790849673 0.072265625
0 0.17401960784313725 0.8828125 0.06372549019607843 0.078125
0 0.32598039215686275 0.7470703125 0.05392156862745098 0.083984375
0 0.3480392156862745 0.837890625 0.06209150326797386 0.0859375
0 0.31290849673202614 0.34765625 0.06699346405228758 0.0859375
0 0.3562091503267974 0.3603515625 0.06535947712418301 0.080078125
0 0.35294117647058826 0.423828125 0.06209150326797386 0.0703125
0 0.4526143790849673 0.3642578125 0.058823529411764705 0.068359375
0 0.49836601307189543 0.3671875 0.05555555555555556 0.078125
0 0.5400326797385621 0.3544921875 0.04411764705882353 0.068359375
0 0.5383986928104575 0.169921875 0.08660130718954248 0.1171875
0 0.6053921568627452 0.244140625 0.09313725490196079 0.10546875
0 0.6470588235294118 0.2734375 0.058823529411764705 0.078125
0 0.8202614379084967 0.0419921875 0.08496732026143791 0.080078125
0 0.9575163398692811 0.13671875 0.058823529411764705 0.0859375
0 0.7810457516339869 0.212890625 0.07189542483660132 0.08203125
0 0.7859477124183006 0.2783203125 0.06862745098039216 0.080078125
0 0.744281045751634 0.3212890625 0.06372549019607843 0.087890625
0 0.798202614379085 0.3427734375 0.06045751633986928 0.080078125
0 0.755718954248366 0.8701171875 0.06045751633986928 0.087890625
0 0.7303921568627452 0.9599609375 0.06209150326797386 0.080078125
0 0.9240196078431373 0.7314453125 0.06699346405228758 0.087890625
0 0.9673202614379085 0.681640625 0.06535947712418301 0.08203125
0 0.977124183006536 0.6181640625 0.04575163398692811 0.080078125
