0 0.07189542483660132 0.4033203125 0.08823529411764706 0.115234375
0 0.16176470588235295 0.388671875 0.10130718954248366 0.12109375
0 0.09558823529411765 0.486328125 0.09967320261437909 0.12109375
0 0.08660130718954248 0.5654296875 0.08169934640522876 0.083984375
0 0.39052287581699346 0.822265625 0.06862745098039216 0.08203125
0 0.5490196078431373 0.8828125 0.06209150326797386 0.08203125
0 0.5825163398692811 0.8017578125 0.057189542483660136 0.072265625
0 0.47875816993464054 0.5546875 0.08496732026143791 0.1015625
0 0.4444444444444445 0.615234375 0.07189542483660132 0.0859375
0 0.5473856209150327 0.611328125 0.09803921568627451 0.10546875
0 0.6013071895424836 0.6591796875 0.08823529411764706 0.099609375
0 0.7361111111111112 0.5771484375 0.09313725490196079 0.115234375
0 0.8390522875816994 0.5791015625 0.09640522875816994 0.111328125
0 0.9852941176470589 0.4345703125 0.029411764705882353 0.099609375
0 0.9517973856209151 0.576171875 0.07026143790849673 0.0625
