0 0.1315359477124183 0.29296875 0.10294117647058824 0.125
0 0.02369281045751634 0.75 0.04411764705882353 0.1015625
0 0.2973856209150327 0.0546875 0.09150326797385622 0.08984375
0 0.33905228758169936 0.142578125 0.10620915032679738 0.125
0 0.30228758169934644 0.2509765625 0.10130718954248366 0.111328125
0 0.45669934640522875 0.2705078125 0.10294117647058824 0.111328125
0 0.39950980392156865 0.5556640625 0.10620915032679738 0.130859375
0 0.3300653594771242 0.6318359375 0.10457516339869281 0.107421875
0 0.33251633986928103 0.7060546875 0.09640522875816994 0.119140625
0 0.42483660130718953 0.8388671875 0.10130718954248366 0.111328125
0 0.542483660130719 0.70703125 0.09477124183006536 0.10546875
0 0.6102941176470589 0.3427734375 0.11274509803921569 0.123046875
0 0.7124183006535948 0.3876953125 0.06862745098039216 0.076171875
0 0.7622549019607844 0.4404296875 0.10947712418300654 0.111328125
0 0.8774509803921569 0.345703125 0.08823529411764706 0.125
0 0.763888888888889 0.8251953125 0.08333333333333334 0.123046875
0 0.7344771241830066 0.9326171875 0.10620915032679738 0.107421875
0 0.8276143790849674 0.880859375 0.06699346405228758 0.0859375
