0 0.9370915032679739 0.1982421875 0.09313725490196079 0.095703125
0 0.9272875816993464 0.251953125 0.10294117647058824 0.11328125
0 0.9011437908496732 0.2998046875 0.08660130718954248 0.095703125
0 0.8251633986928105 0.302734375 0.09477124183006536 0.11328125
0 0.5187908496732027 0.4921875 0.08006535947712419 0.11328125
0 0.6535947712418301 0.3623046875 0.07516339869281045 0.107421875
0 0.7344771241830066 0.3427734375 0.09640522875816994 0.099609375
0 0.6870915032679739 0.4326171875 0.07352941176470588 0.107421875
0 0.7532679738562091 0.4248046875 0.10457516339869281 0.115234375
0 0.6813725490196079 0.609375 0.0784313725490196 0.109375
0 0.7475490196078431 0.60546875 0.06045751633986928 0.09375
0 0.8349673202614379 0.580078125 0.05228758169934641 0.09375
0 0.8382352941176471 0.66796875 0.0784313725490196 0.12109375
0 0.7630718954248367 0.69140625 0.06862745098039216 0.09765625
0 0.8022875816993464 0.7646484375 0.09150326797385622 0.119140625
