0 0.09885620915032681 0.1171875 0.05392156862745098 0.07421875
0 0.12418300653594772 0.15234375 0.042483660130718956 0.05078125
0 0.16258169934640523 0.12890625 0.05065359477124183 0.09375
0 0.1315359477124183 0.6640625 0.08333333333333334 0.1171875
0 0.04820261437908497 0.701171875 0.057189542483660136 0.078125
0 0.3472222222222222 0.55078125 0.06699346405228758 0.07421875
0 0.2173202614379085 0.94921875 0.08169934640522876 0.1015625
0 0.4665032679738562 0.6650390625 0.08660130718954248 0.107421875
0 0.42483660130718953 0.75 0.05228758169934641 0.07421875
0 0.46405228758169936 0.4365234375 0.08823529411764706 0.111328125
0 0.5465686274509804 0.4609375 0.07679738562091504 0.109375
0 0.6380718954248367 0.412109375 0.07026143790849673 0.1015625
0 0.7655228758169935 0.5224609375 0.06699346405228758 0.080078125
0 0.7165032679738562 0.5771484375 0.06372549019607843 0.087890625
0 0.6356209150326798 0.8701171875 0.0784313725490196 0.095703125
0 0.7083333333333334 0.9521484375 0.07679738562091504 0.087890625
0 0.7475490196078431 0.8486328125 0.07026143790849673 0.095703125
0 0.8276143790849674 0.8857421875 0.06372549019607843 0.076171875
0 0.815359477124183 0.9599609375 0.058823529411764705 0.064453125
0 0.869281045751634 0.78125 0.06209150326797386 0.0859375
0 0.8382352941176471 0.8388671875 0.058823529411764705 0.064453125
0 0.9387254901960784 0.7744140625 0.04411764705882353 0.060546875
