0 0.1519607843137255 0.5224609375 0.07516339869281045 0.103515625
0 0.4795751633986928 0.642578125 0.07679738562091504 0.11328125
0 0.4746732026143791 0.83984375 0.07679738562091504 0.11328125
0 0.5931372549019608 0.5908203125 0.06209150326797386 0.087890625
0 0.5743464052287582 0.4638671875 0.07352941176470588 0.095703125
0 0.4297385620915033 0.0361328125 0.06862745098039216 0.068359375
0 0.6527777777777778 0.2685546875 0.07352941176470588 0.107421875
0 0.7434640522875817 0.392578125 0.07189542483660132 0.12109375
0 0.8137254901960784 0.427734375 0.09477124183006536 0.12890625
0 0.7647058823529412 0.544921875 0.08169934640522876 0.11328125
0 0.7671568627450981 0.60546875 0.08006535947712419 0.0859375
0 0.9199346405228759 0.5869140625 0.08823529411764706 0.111328125
