0 0.3480392156862745 0.068359375 0.07516339869281045 0.10546875
0 0.18872549019607843 0.3173828125 0.06045751633986928 0.091796875
0 0.2508169934640523 0.3203125 0.07679738562091504 0.1171875
0 0.058823529411764705 0.4873046875 0.0784313725490196 0.115234375
0 0.4035947712418301 0.201171875 0.058823529411764705 0.08203125
0 0.5743464052287582 0.0908203125 0.05065359477124183 0.064453125
0 0.6209150326797386 0.078125 0.06862745098039216 0.1015625
0 0.5882352941176471 0.14453125 0.06535947712418301 0.09375
0 0.4607843137254902 0.25 0.058823529411764705 0.1015625
0 0.4959150326797386 0.2412109375 0.07679738562091504 0.103515625
0 0.5122549019607844 0.31640625 0.07352941176470588 0.09765625
0 0.6503267973856209 0.3388671875 0.05555555555555556 0.056640625
0 0.3611111111111111 0.4833984375 0.05228758169934641 0.060546875
0 0.3137254901960784 0.48828125 0.049019607843137254 0.06640625
0 0.16176470588235295 0.8623046875 0.07189542483660132 0.099609375
0 0.06290849673202614 0.9482421875 0.07679738562091504 0.099609375
0 0.20915032679738563 0.94921875 0.07516339869281045 0.1015625
0 0.2589869281045752 0.9130859375 0.07026143790849673 0.103515625
0 0.7017973856209151 0.658203125 0.06372549019607843 0.10546875
0 0.7524509803921569 0.8388671875 0.08986928104575163 0.103515625
0 0.8276143790849674 0.791015625 0.07352941176470588 0.109375
0 0.9803921568627452 0.689453125 0.0392156862745098 0.07421875
0 0.8496732026143791 0.5546875 0.06535947712418301 0.09765625
0 0.744281045751634 0.0556640625 0.057189542483660136 0.068359375
0 0.8570261437908497 0.0576171875 0.05065359477124183 0.064453125
0 0.9240196078431373 0.0498046875 0.05065359477124183 0.072265625
