0 0.018790849673202614 0.2265625 0.03431372549019608 0.0859375
0 0.14215686274509803 0.708984375 0.06535947712418301 0.078125
0 0.22222222222222224 0.6953125 0.06209150326797386 0.08203125
0 0.31209150326797386 0.775390625 0.05555555555555556 0.0703125
0 0.40032679738562094 0.7294921875 0.0784313725490196 0.115234375
0 0.09885620915032681 0.232421875 0.08006535947712419 0.0703125
0 0.11356209150326797 0.2744140625 0.08333333333333334 0.115234375
0 0.1781045751633987 0.248046875 0.0784313725490196 0.11328125
0 0.17320261437908496 0.119140625 0.07189542483660132 0.1015625
0 0.33415032679738566 0.1767578125 0.08006535947712419 0.103515625
0 0.45915032679738566 0.142578125 0.05228758169934641 0.07421875
0 0.613562091503268 0.0458984375 0.06045751633986928 0.072265625
0 0.6454248366013072 0.09375 0.05228758169934641 0.0859375
0 0.982843137254902 0.6298828125 0.03431372549019608 0.080078125
0 0.4616013071895425 0.978515625 0.07026143790849673 0.04296875
