0 0.39542483660130723 0.05859375 0.06535947712418301 0.07421875
0 0.5187908496732027 0.0986328125 0.06699346405228758 0.072265625
0 0.49264705882352944 0.1474609375 0.08333333333333334 0.091796875
0 0.4428104575163399 0.1259765625 0.06535947712418301 0.072265625
0 0.315359477124183 0.296875 0.08823529411764706 0.1015625
0 0.5490196078431373 0.3056640625 0.05228758169934641 0.064453125
0 0.5016339869281046 0.3173828125 0.04575163398692811 0.056640625
0 0.24918300653594772 0.44921875 0.08006535947712419 0.1015625
0 0.11683006535947713 0.638671875 0.08660130718954248 0.1015625
0 0.20179738562091504 0.861328125 0.07352941176470588 0.0859375
0 0.34395424836601307 0.6162109375 0.06372549019607843 0.072265625
0 0.3382352941176471 0.697265625 0.07516339869281045 0.08984375
0 0.39869281045751637 0.8623046875 0.058823529411764705 0.076171875
0 0.44607843137254904 0.8583984375 0.058823529411764705 0.076171875
0 0.4395424836601307 0.5849609375 0.06209150326797386 0.068359375
0 0.4436274509803922 0.6416015625 0.06699346405228758 0.072265625
0 0.6339869281045751 0.6416015625 0.049019607843137254 0.068359375
0 0.6740196078431373 0.6103515625 0.04411764705882353 0.060546875
