0 0.2246732026143791 0.486328125 0.07352941176470588 0.11328125
0 0.02369281045751634 0.8291015625 0.04411764705882353 0.087890625
0 0.04493464052287582 0.8017578125 0.05392156862745098 0.080078125
0 0.20833333333333334 0.9150390625 0.08660130718954248 0.123046875
0 0.41258169934640526 0.7568359375 0.08333333333333334 0.126953125
0 0.36356209150326796 0.6953125 0.07352941176470588 0.10546875
0 0.29330065359477125 0.650390625 0.08986928104575163 0.109375
0 0.4959150326797386 0.6845703125 0.08006535947712419 0.091796875
0 0.4722222222222222 0.5048828125 0.09150326797385622 0.126953125
0 0.5359477124183006 0.47265625 0.08496732026143791 0.12109375
0 0.607843137254902 0.390625 0.058823529411764705 0.09375
0 0.11111111111111112 0.5107421875 0.06535947712418301 0.095703125
0 0.7124183006535948 0.4755859375 0.05555555555555556 0.091796875
0 0.7222222222222222 0.34765625 0.10457516339869281 0.125
0 0.13398692810457516 0.078125 0.06862745098039216 0.08984375
0 0.3161764705882353 0.6923828125 0.06045751633986928 0.064453125
