0 0.5531045751633987 0.1123046875 0.06372549019607843 0.083984375
0 0.17565359477124184 0.26171875 0.07026143790849673 0.08984375
0 0.24591503267973858 0.2568359375 0.06372549019607843 0.095703125
0 0.2034313725490196 0.3408203125 0.07026143790849673 0.087890625
0 0.3374183006535948 0.404296875 0.07679738562091504 0.09765625
0 0.4158496732026144 0.4423828125 0.06699346405228758 0.087890625
0 0.6527777777777778 0.3359375 0.08986928104575163 0.12109375
0 0.28431372549019607 0.51171875 0.07516339869281045 0.09765625
0 0.24918300653594772 0.5517578125 0.07026143790849673 0.103515625
0 0.5049019607843137 0.7021484375 0.058823529411764705 0.080078125
0 0.5187908496732027 0.765625 0.06699346405228758 0.0859375
0 0.7287581699346406 0.4033203125 0.06535947712418301 0.091796875
0 0.6552287581699346 0.4375 0.07189542483660132 0.08984375
0 0.9566993464052288 0.75 0.08660130718954248 0.1328125
0 0.9787581699346406 0.369140625 0.042483660130718956 0.1171875
0 0.0196078431372549 0.958984375 0.03594771241830066 0.08203125
