0 0.2303921568627451 0.3115234375 0.07189542483660132 0.087890625
0 0.6977124183006537 0.177734375 0.06209150326797386 0.08203125
0 0.7549019607843137 0.130859375 0.06209150326797386 0.08203125
0 0.44689542483660133 0.384765625 0.07679738562091504 0.109375
0 0.505718954248366 0.412109375 0.06045751633986928 0.0703125
0 0.5629084967320261 0.44140625 0.07026143790849673 0.0859375
0 0.46895424836601307 0.7978515625 0.06535947712418301 0.095703125
0 0.4256535947712418 0.8125 0.06372549019607843 0.078125
0 0.6821895424836601 0.7978515625 0.10947712418300654 0.150390625
0 0.6176470588235294 0.9091796875 0.12745098039215685 0.146484375
0 0.6887254901960784 0.9404296875 0.08660130718954248 0.091796875
0 0.888888888888889 0.9521484375 0.09477124183006536 0.095703125
0 0.11601307189542484 0.6806640625 0.06862745098039216 0.080078125
0 0.5302287581699346 0.921875 0.06699346405228758 0.078125
