0 0.13398692810457516 0.7958984375 0.07516339869281045 0.087890625
0 0.26062091503267976 0.7802734375 0.05392156862745098 0.068359375
0 0.5155228758169935 0.767578125 0.08986928104575163 0.109375
0 0.5490196078431373 0.91015625 0.0784313725490196 0.1015625
0 0.5972222222222222 0.9189453125 0.06045751633986928 0.103515625
0 0.6225490196078431 0.8330078125 0.06209150326797386 0.080078125
0 0.678921568627451 0.6640625 0.06699346405228758 0.09765625
0 0.698529411764706 0.4853515625 0.07679738562091504 0.119140625
0 0.7671568627450981 0.65625 0.06372549019607843 0.08203125
0 0.823529411764706 0.5947265625 0.058823529411764705 0.087890625
0 0.9264705882352942 0.4208984375 0.06862745098039216 0.099609375
0 0.9223856209150327 0.54296875 0.057189542483660136 0.08984375
0 0.9517973856209151 0.6416015625 0.06372549019607843 0.080078125
0 0.9763071895424837 0.7568359375 0.04738562091503268 0.080078125
