0 0.08169934640522876 0.3798828125 0.09477124183006536 0.115234375
0 0.2728758169934641 0.7353515625 0.08823529411764706 0.115234375
0 0.30228758169934644 0.8193359375 0.06209150326797386 0.083984375
0 0.3235294117647059 0.0615234375 0.07189542483660132 0.091796875
0 0.49264705882352944 0.2685546875 0.05065359477124183 0.080078125
0 0.5571895424836601 0.21484375 0.06862745098039216 0.09765625
0 0.6266339869281046 0.1435546875 0.06045751633986928 0.099609375
0 0.8251633986928105 0.1689453125 0.09150326797385622 0.111328125
0 0.8921568627450981 0.2041015625 0.042483660130718956 0.072265625
0 0.9321895424836601 0.958984375 0.08986928104575163 0.08203125
0 0.9591503267973857 0.822265625 0.06209150326797386 0.0859375
0 0.9477124183006537 0.8837890625 0.06209150326797386 0.080078125
