0 0.14297385620915032 0.345703125 0.09313725490196079 0.12109375
0 0.025326797385620915 0.095703125 0.04738562091503268 0.11328125
0 0.19526143790849673 0.3779296875 0.08333333333333334 0.115234375
0 0.05310457516339869 0.8564453125 0.10294117647058824 0.138671875
0 0.39869281045751637 0.4443359375 0.09150326797385622 0.119140625
0 0.3831699346405229 0.666015625 0.05065359477124183 0.07421875
0 0.4035947712418301 0.830078125 0.06209150326797386 0.06640625
0 0.3382352941176471 0.9345703125 0.049019607843137254 0.072265625
0 0.36601307189542487 0.9296875 0.04575163398692811 0.078125
0 0.3978758169934641 0.880859375 0.04738562091503268 0.06640625
0 0.4419934640522876 0.873046875 0.06372549019607843 0.0703125
0 0.4607843137254902 0.93359375 0.058823529411764705 0.07421875
0 0.9387254901960784 0.4228515625 0.09313725490196079 0.126953125
0 0.9370915032679739 0.548828125 0.08006535947712419 0.1171875
