0 0.2647058823529412 0.375 0.08496732026143791 0.12109375
0 0.34558823529411764 0.3515625 0.08986928104575163 0.10546875
0 0.2181372549019608 0.1064453125 0.10294117647058824 0.126953125
0 0.10212418300653595 0.1162109375 0.09313725490196079 0.119140625
0 0.41258169934640526 0.396484375 0.08333333333333334 0.12109375
0 0.42647058823529416 0.4912109375 0.09150326797385622 0.103515625
0 0.4877450980392157 0.2314453125 0.06372549019607843 0.091796875
0 0.7058823529411765 0.208984375 0.09477124183006536 0.12890625
0 0.5882352941176471 0.4521484375 0.08169934640522876 0.091796875
0 0.5686274509803921 0.505859375 0.07516339869281045 0.078125
0 0.8276143790849674 0.498046875 0.08333333333333334 0.109375
0 0.9019607843137255 0.521484375 0.0784313725490196 0.1171875
0 0.7810457516339869 0.80078125 0.0784313725490196 0.11328125
0 0.7418300653594772 0.8505859375 0.06862745098039216 0.115234375
0 0.6683006535947713 0.8193359375 0.08823529411764706 0.091796875
0 0.6617647058823529 0.890625 0.09150326797385622 0.12109375
0 0.7017973856209151 0.1064453125 0.08333333333333334 0.087890625
0 0.7606209150326798 0.0615234375 0.06699346405228758 0.091796875
0 0.815359477124183 0.091796875 0.08169934640522876 0.12109375
0 0.021241830065359478 0.759765625 0.0392156862745098 0.09375
0 0.0196078431372549 0.0458984375 0.03594771241830066 0.087890625
