0 0.2916666666666667 0.35546875 0.06699346405228758 0.11328125
0 0.022875816993464054 0.3525390625 0.042483660130718956 0.103515625
0 0.031862745098039214 0.27734375 0.057189542483660136 0.078125
0 0.049836601307189546 0.2314453125 0.057189542483660136 0.068359375
0 0.35784313725490197 0.6708984375 0.058823529411764705 0.080078125
0 0.33251633986928103 0.7177734375 0.06699346405228758 0.103515625
0 0.3831699346405229 0.7421875 0.057189542483660136 0.0859375
0 0.2826797385620915 0.8759765625 0.06535947712418301 0.111328125
0 0.22549019607843138 0.9365234375 0.06862745098039216 0.095703125
0 0.744281045751634 0.85546875 0.08006535947712419 0.11328125
0 0.7916666666666667 0.7548828125 0.06045751633986928 0.091796875
0 0.8267973856209151 0.7119140625 0.06535947712418301 0.103515625
0 0.7271241830065359 0.4267578125 0.07516339869281045 0.111328125
0 0.7410130718954249 0.3544921875 0.08333333333333334 0.103515625
0 0.7867647058823529 0.3896484375 0.06699346405228758 0.083984375
0 0.7965686274509804 0.333984375 0.07352941176470588 0.08984375
0 0.7818627450980392 0.2216796875 0.10294117647058824 0.130859375
0 0.8218954248366014 0.0634765625 0.09150326797385622 0.107421875
0 0.8316993464052288 0.095703125 0.08169934640522876 0.109375
0 0.3145424836601307 0.0439453125 0.07352941176470588 0.072265625
