0 0.0727124183006536 0.6044921875 0.05065359477124183 0.087890625
0 0.03349673202614379 0.6279296875 0.06045751633986928 0.095703125
0 0.1985294117647059 0.8115234375 0.07352941176470588 0.076171875
0 0.34477124183006536 0.890625 0.07189542483660132 0.08203125
0 0.3562091503267974 0.96484375 0.08169934640522876 0.0703125
0 0.5514705882352942 0.9189453125 0.04411764705882353 0.064453125
0 0.6241830065359477 0.6494140625 0.058823529411764705 0.080078125
0 0.6217320261437909 0.70703125 0.06372549019607843 0.078125
0 0.9166666666666667 0.255859375 0.06862745098039216 0.09375
0 0.9003267973856209 0.31640625 0.06535947712418301 0.09765625
0 0.7271241830065359 0.658203125 0.06862745098039216 0.078125
0 0.7426470588235294 0.705078125 0.06372549019607843 0.0859375
0 0.7401960784313726 0.7724609375 0.06209150326797386 0.064453125
0 0.6633986928104575 0.7822265625 0.06862745098039216 0.083984375
0 0.6830065359477124 0.8193359375 0.07189542483660132 0.091796875
0 0.9354575163398693 0.8720703125 0.07679738562091504 0.091796875
