0 0.4207516339869281 0.4013671875 0.07679738562091504 0.103515625
0 0.3643790849673203 0.423828125 0.08496732026143791 0.1015625
0 0.4158496732026144 0.5400390625 0.07679738562091504 0.107421875
0 0.4934640522875817 0.521484375 0.06862745098039216 0.08984375
0 0.48366013071895425 0.6083984375 0.08169934640522876 0.095703125
0 0.4305555555555556 0.6318359375 0.07352941176470588 0.103515625
0 0.6029411764705882 0.5498046875 0.08496732026143791 0.099609375
0 0.8251633986928105 0.3115234375 0.08823529411764706 0.103515625
0 0.9558823529411765 0.056640625 0.08823529411764706 0.10546875
0 0.9763071895424837 0.234375 0.04738562091503268 0.1171875
0 0.7107843137254902 0.564453125 0.08496732026143791 0.10546875
0 0.6715686274509804 0.6162109375 0.06862745098039216 0.083984375
0 0.7622549019607844 0.626953125 0.07352941176470588 0.09375
0 0.9722222222222222 0.498046875 0.05555555555555556 0.09375
0 0.9501633986928105 0.6630859375 0.05392156862745098 0.060546875
0 0.6609477124183006 0.865234375 0.07352941176470588 0.09765625
