0 0.3496732026143791 0.234375 0.07189542483660132 0.1015625
0 0.4485294117647059 0.404296875 0.09640522875816994 0.109375
0 0.732843137254902 0.3017578125 0.08333333333333334 0.076171875
0 0.5669934640522876 0.5927734375 0.058823529411764705 0.087890625
0 0.6315359477124183 0.60546875 0.08660130718954248 0.10546875
0 0.7091503267973857 0.89453125 0.06209150326797386 0.0859375
0 0.34477124183006536 0.541015625 0.08496732026143791 0.09375
0 0.33251633986928103 0.61328125 0.07352941176470588 0.0859375
0 0.18709150326797386 0.73828125 0.05392156862745098 0.078125
0 0.21895424836601307 0.7373046875 0.0392156862745098 0.064453125
0 0.1593137254901961 0.802734375 0.05392156862745098 0.06640625
0 0.16993464052287582 0.869140625 0.06535947712418301 0.06640625
