0 0.05555555555555556 0.033203125 0.06209150326797386 0.0625
0 0.09803921568627451 0.0654296875 0.06862745098039216 0.072265625
0 0.16830065359477125 0.04296875 0.06209150326797386 0.07421875
0 0.18137254901960784 0.1416015625 0.08496732026143791 0.111328125
0 0.42401960784313725 0.310546875 0.08986928104575163 0.12109375
0 0.0392156862745098 0.6630859375 0.07516339869281045 0.099609375
0 0.12091503267973856 0.56640625 0.06862745098039216 0.07421875
0 0.08660130718954248 0.703125 0.06535947712418301 0.08984375
0 0.13970588235294118 0.71484375 0.057189542483660136 0.08203125
0 0.11274509803921569 0.7783203125 0.06209150326797386 0.083984375
0 0.057189542483660136 0.8916015625 0.08169934640522876 0.107421875
0 0.7622549019607844 0.2265625 0.08986928104575163 0.125
0 0.8627450980392157 0.09765625 0.08823529411764706 0.10546875
0 0.9011437908496732 0.177734375 0.08986928104575163 0.11328125
0 0.8921568627450981 0.8876953125 0.06535947712418301 0.103515625
0 0.8316993464052288 0.9619140625 0.08169934640522876 0.076171875
