0 0.2777777777777778 0.6513671875 0.09150326797385622 0.115234375
0 0.26633986928104575 0.7451171875 0.09150326797385622 0.126953125
0 0.33986928104575165 0.6953125 0.10457516339869281 0.13671875
0 0.5016339869281046 0.7236328125 0.08496732026143791 0.111328125
0 0.4934640522875817 0.560546875 0.0784313725490196 0.08984375
0 0.5490196078431373 0.603515625 0.0784313725490196 0.10546875
0 0.6258169934640523 0.40234375 0.08169934640522876 0.109375
0 0.6470588235294118 0.1162109375 0.09150326797385622 0.134765625
0 0.9248366013071896 0.083984375 0.06862745098039216 0.09765625
0 0.9550653594771242 0.044921875 0.07679738562091504 0.0859375
0 0.8537581699346406 0.55078125 0.06045751633986928 0.12109375
0 0.7990196078431373 0.5673828125 0.09477124183006536 0.134765625
