0 0.4534313725490196 0.0302734375 0.06372549019607843 0.056640625
0 0.9877450980392157 0.244140625 0.024509803921568627 0.06640625
0 0.565359477124183 0.5048828125 0.08823529411764706 0.111328125
0 0.6053921568627452 0.673828125 0.07026143790849673 0.1015625
0 0.309640522875817 0.5673828125 0.05392156862745098 0.068359375
0 0.42483660130718953 0.2333984375 0.07516339869281045 0.080078125
0 0.3227124183006536 0.634765625 0.05392156862745098 0.08203125
0 0.3684640522875817 0.6611328125 0.06372549019607843 0.099609375
0 0.45833333333333337 0.7734375 0.05065359477124183 0.07421875
0 0.4207516339869281 0.7763671875 0.05065359477124183 0.080078125
0 0.20751633986928106 0.619140625 0.08823529411764706 0.125
0 0.12418300653594772 0.658203125 0.06535947712418301 0.109375
0 0.02777777777777778 0.70703125 0.05228758169934641 0.16015625
0 0.0923202614379085 0.755859375 0.08660130718954248 0.12109375
0 0.10620915032679738 0.82421875 0.049019607843137254 0.04296875
0 0.2679738562091503 0.7880859375 0.049019607843137254 0.068359375
0 0.2361111111111111 0.80859375 0.05065359477124183 0.06640625
0 0.3006535947712418 0.8720703125 0.049019607843137254 0.080078125
0 0.2704248366013072 0.8916015625 0.05065359477124183 0.080078125
