0 0.06209150326797386 0.1259765625 0.04575163398692811 0.072265625
0 0.09722222222222222 0.220703125 0.05392156862745098 0.07421875
0 0.22222222222222224 0.1962890625 0.06862745098039216 0.087890625
0 0.14624183006535948 0.2841796875 0.057189542483660136 0.087890625
0 0.026143790849673203 0.4951171875 0.042483660130718956 0.072265625
0 0.17238562091503268 0.6455078125 0.04738562091503268 0.076171875
0 0.22222222222222224 0.36328125 0.06535947712418301 0.08984375
0 0.25980392156862747 0.31640625 0.06209150326797386 0.0859375
0 0.4215686274509804 0.4404296875 0.08169934640522876 0.095703125
0 0.46895424836601307 0.546875 0.06862745098039216 0.08203125
0 0.4436274509803922 0.634765625 0.05392156862745098 0.09375
0 0.5531045751633987 0.3408203125 0.08660130718954248 0.099609375
0 0.690359477124183 0.255859375 0.07679738562091504 0.09375
0 0.6813725490196079 0.5048828125 0.09477124183006536 0.115234375
0 0.9313725490196079 0.4482421875 0.10130718954248366 0.115234375
0 0.8864379084967321 0.5859375 0.10294117647058824 0.10546875
