0 0.4861111111111111 0.5615234375 0.09640522875816994 0.111328125
0 0.2508169934640523 0.7138671875 0.08986928104575163 0.111328125
0 0.47794117647058826 0.044921875 0.05065359477124183 0.0625
0 0.5980392156862745 0.037109375 0.06209150326797386 0.0703125
0 0.917483660130719 0.1845703125 0.08006535947712419 0.095703125
0 0.8856209150326798 0.26953125 0.07189542483660132 0.09765625
0 0.8676470588235294 0.20703125 0.04575163398692811 0.0703125
0 0.8031045751633987 0.8564453125 0.08660130718954248 0.091796875
0 0.7214052287581699 0.826171875 0.08006535947712419 0.10546875
0 0.12009803921568628 0.70703125 0.07352941176470588 0.078125
0 0.16258169934640523 0.765625 0.08986928104575163 0.11328125
0 0.10375816993464053 0.9482421875 0.09313725490196079 0.103515625
