0 0.26143790849673204 0.5595703125 0.08496732026143791 0.119140625
0 0.19362745098039216 0.9609375 0.08333333333333334 0.078125
0 0.3978758169934641 0.228515625 0.09967320261437909 0.12890625
0 0.3161764705882353 0.0234375 0.07026143790849673 0.04296875
0 0.3504901960784314 0.7060546875 0.04084967320261438 0.068359375
0 0.37173202614379086 0.7255859375 0.05392156862745098 0.072265625
0 0.5580065359477124 0.525390625 0.08986928104575163 0.11328125
0 0.6797385620915033 0.6025390625 0.09803921568627451 0.130859375
0 0.7352941176470589 0.6376953125 0.06535947712418301 0.115234375
0 0.7132352941176471 0.3251953125 0.08660130718954248 0.119140625
0 0.8553921568627452 0.2978515625 0.07679738562091504 0.107421875
0 0.7720588235294118 0.3740234375 0.08660130718954248 0.107421875
0 0.7769607843137255 0.4560546875 0.05065359477124183 0.064453125
0 0.7916666666666667 0.5302734375 0.09313725490196079 0.119140625
0 0.7769607843137255 0.7626953125 0.07679738562091504 0.107421875
0 0.7352941176470589 0.8466796875 0.0784313725490196 0.107421875
0 0.8243464052287582 0.4541015625 0.05065359477124183 0.064453125
