0 0.4109477124183007 0.16796875 0.08006535947712419 0.1171875
0 0.35947712418300654 0.267578125 0.05555555555555556 0.08203125
0 0.3186274509803922 0.2568359375 0.07189542483660132 0.080078125
0 0.2916666666666667 0.3330078125 0.08333333333333334 0.111328125
0 0.18137254901960784 0.2880859375 0.07189542483660132 0.095703125
0 0.125 0.2958984375 0.06372549019607843 0.111328125
0 0.031862745098039214 0.46875 0.06045751633986928 0.1171875
0 0.2540849673202614 0.5517578125 0.07026143790849673 0.107421875
0 0.303921568627451 0.578125 0.06862745098039216 0.09375
0 0.37826797385620914 0.619140625 0.07679738562091504 0.1171875
0 0.41911764705882354 0.630859375 0.057189542483660136 0.11328125
0 0.47058823529411764 0.6171875 0.05555555555555556 0.09765625
0 0.5204248366013072 0.6025390625 0.06045751633986928 0.095703125
0 0.03431372549019608 0.8642578125 0.05228758169934641 0.091796875
0 0.309640522875817 0.8779296875 0.07026143790849673 0.076171875
0 0.41830065359477125 0.810546875 0.06862745098039216 0.08984375
0 0.5661764705882353 0.9423828125 0.06372549019607843 0.076171875
0 0.8602941176470589 0.3134765625 0.04738562091503268 0.083984375
0 0.9681372549019608 0.46484375 0.05065359477124183 0.0703125
0 0.8562091503267975 0.5576171875 0.058823529411764705 0.076171875
0 0.8186274509803921 0.638671875 0.042483660130718956 0.07421875
0 0.8553921568627452 0.736328125 0.04738562091503268 0.06640625
0 0.7990196078431373 0.681640625 0.0392156862745098 0.0703125
0 0.7769607843137255 0.716796875 0.04738562091503268 0.0625
