0 0.04656862745098039 0.09375 0.07026143790849673 0.0859375
0 0.06862745098039216 0.181640625 0.06209150326797386 0.07421875
0 0.46568627450980393 0.30859375 0.07189542483660132 0.10546875
0 0.16176470588235295 0.58984375 0.05555555555555556 0.078125
0 0.19771241830065361 0.705078125 0.05228758169934641 0.07421875
0 0.1968954248366013 0.7861328125 0.07026143790849673 0.083984375
0 0.02042483660130719 0.91015625 0.03758169934640523 0.09765625
0 0.3513071895424837 0.7392578125 0.08496732026143791 0.123046875
0 0.505718954248366 0.7109375 0.08986928104575163 0.09765625
0 0.37826797385620914 0.9677734375 0.07352941176470588 0.064453125
0 0.5065359477124183 0.62890625 0.04575163398692811 0.07421875
0 0.5367647058823529 0.384765625 0.04738562091503268 0.08203125
0 0.625 0.3212890625 0.057189542483660136 0.083984375
0 0.6462418300653595 0.3984375 0.04411764705882353 0.06640625
0 0.6609477124183006 0.3515625 0.05065359477124183 0.0546875
0 0.7279411764705882 0.357421875 0.05065359477124183 0.07421875
0 0.7589869281045751 0.302734375 0.057189542483660136 0.0703125
0 0.8472222222222222 0.26953125 0.05065359477124183 0.0703125
0 0.9101307189542484 0.3271484375 0.049019607843137254 0.083984375
0 0.8782679738562091 0.36328125 0.057189542483660136 0.0703125
0 0.880718954248366 0.62109375 0.05228758169934641 0.07421875
0 0.9575163398692811 0.6240234375 0.06209150326797386 0.060546875
