0 0.3227124183006536 0.185546875 0.07679738562091504 0.1015625
0 0.3031045751633987 0.263671875 0.07026143790849673 0.09375
0 0.2647058823529412 0.3017578125 0.058823529411764705 0.087890625
0 0.0784313725490196 0.4765625 0.0784313725490196 0.10546875
0 0.32679738562091504 0.388671875 0.05555555555555556 0.07421875
0 0.19444444444444445 0.8203125 0.09803921568627451 0.11328125
0 0.2042483660130719 0.8759765625 0.08823529411764706 0.095703125
0 0.7434640522875817 0.359375 0.07189542483660132 0.109375
0 0.6650326797385621 0.75 0.07189542483660132 0.10546875
0 0.9060457516339869 0.318359375 0.06699346405228758 0.078125
