0 0.238562091503268 0.73828125 0.058823529411764705 0.0703125
0 0.33333333333333337 0.609375 0.0784313725490196 0.09375
0 0.32107843137254904 0.654296875 0.07352941176470588 0.0625
0 0.315359477124183 0.2685546875 0.08496732026143791 0.111328125
0 0.3758169934640523 0.30078125 0.07189542483660132 0.11328125
0 0.6282679738562091 0.056640625 0.05392156862745098 0.08203125
0 0.5228758169934641 0.42578125 0.05555555555555556 0.08984375
0 0.4877450980392157 0.5234375 0.06699346405228758 0.09375
0 0.488562091503268 0.5888671875 0.06535947712418301 0.076171875
0 0.6086601307189543 0.703125 0.07352941176470588 0.08984375
0 0.7083333333333334 0.6953125 0.07026143790849673 0.08984375
0 0.7483660130718954 0.73828125 0.06535947712418301 0.09375
0 0.7892156862745098 0.79296875 0.08169934640522876 0.10546875
