0 0.05555555555555556 0.2578125 0.09150326797385622 0.10546875
0 0.059640522875817 0.4921875 0.07679738562091504 0.109375
0 0.13398692810457516 0.505859375 0.09477124183006536 0.12890625
0 0.0857843137254902 0.7109375 0.07026143790849673 0.0703125
0 0.07107843137254902 0.775390625 0.07679738562091504 0.09375
0 0.13480392156862744 0.75 0.07352941176470588 0.109375
0 0.13071895424836602 0.828125 0.06535947712418301 0.08203125
0 0.18709150326797386 0.7470703125 0.08660130718954248 0.103515625
0 0.2099673202614379 0.6904296875 0.06372549019607843 0.076171875
0 0.798202614379085 0.318359375 0.04084967320261438 0.0625
0 0.9575163398692811 0.1943359375 0.08496732026143791 0.138671875
0 0.7712418300653595 0.0458984375 0.0784313725490196 0.087890625
0 0.7124183006535948 0.0478515625 0.06535947712418301 0.091796875
