0 0.24836601307189543 0.3974609375 0.05228758169934641 0.072265625
0 0.45669934640522875 0.8095703125 0.06699346405228758 0.107421875
0 0.4362745098039216 0.9013671875 0.08496732026143791 0.115234375
0 0.4812091503267974 0.1513671875 0.06372549019607843 0.095703125
0 0.6699346405228759 0.43359375 0.07516339869281045 0.109375
0 0.6168300653594772 0.5537109375 0.06372549019607843 0.080078125
0 0.7017973856209151 0.666015625 0.057189542483660136 0.0859375
0 0.696078431372549 0.5244140625 0.07189542483660132 0.111328125
0 0.8300653594771242 0.3486328125 0.08169934640522876 0.107421875
0 0.9754901960784313 0.5390625 0.049019607843137254 0.09375
0 0.9534313725490197 0.6572265625 0.06699346405228758 0.103515625
