0 0.3178104575163399 0.076171875 0.08986928104575163 0.08203125
0 0.07761437908496732 0.111328125 0.06699346405228758 0.09765625
0 0.04166666666666667 0.0732421875 0.08006535947712419 0.103515625
0 0.19281045751633988 0.5009765625 0.05228758169934641 0.072265625
0 0.184640522875817 0.666015625 0.06862745098039216 0.07421875
0 0.16830065359477125 0.779296875 0.05228758169934641 0.08203125
0 0.11846405228758171 0.7666015625 0.057189542483660136 0.083984375
0 0.15849673202614378 0.671875 0.042483660130718956 0.07421875
0 0.0857843137254902 0.6689453125 0.06372549019607843 0.080078125
0 0.04656862745098039 0.666015625 0.05392156862745098 0.07421875
0 0.022875816993464054 0.6171875 0.042483660130718956 0.0625
0 0.05555555555555556 0.58984375 0.06209150326797386 0.07421875
0 0.10947712418300654 0.5771484375 0.06535947712418301 0.087890625
0 0.08496732026143791 0.52734375 0.06209150326797386 0.06640625
