0 0.12990196078431374 0.521484375 0.07352941176470588 0.09765625
0 0.18627450980392157 0.490234375 0.07516339869281045 0.10546875
0 0.24673202614379086 0.55078125 0.07516339869281045 0.09765625
0 0.27941176470588236 0.591796875 0.05555555555555556 0.07421875
0 0.3382352941176471 0.564453125 0.06209150326797386 0.08984375
0 0.3464052287581699 0.642578125 0.06535947712418301 0.08203125
0 0.3619281045751634 0.7431640625 0.057189542483660136 0.087890625
0 0.39052287581699346 0.681640625 0.06209150326797386 0.08203125
0 0.4076797385620915 0.599609375 0.06699346405228758 0.09375
0 0.4950980392156863 0.6806640625 0.05555555555555556 0.068359375
0 0.49183006535947715 0.7373046875 0.05228758169934641 0.072265625
0 0.5269607843137255 0.763671875 0.05392156862745098 0.0859375
0 0.5571895424836601 0.6220703125 0.05555555555555556 0.068359375
0 0.5882352941176471 0.65625 0.08496732026143791 0.08984375
0 0.6143790849673203 0.7119140625 0.06209150326797386 0.068359375
0 0.573529411764706 0.736328125 0.06209150326797386 0.06640625
0 0.7426470588235294 0.609375 0.06045751633986928 0.0703125
0 0.9648692810457516 0.7919921875 0.07026143790849673 0.103515625
