0 0.12826797385620917 0.6005859375 0.07679738562091504 0.095703125
0 0.1895424836601307 0.5966796875 0.06535947712418301 0.099609375
0 0.3292483660130719 0.16015625 0.05392156862745098 0.07421875
0 0.24183006535947713 0.7119140625 0.07189542483660132 0.091796875
0 0.4493464052287582 0.517578125 0.06535947712418301 0.09765625
0 0.5024509803921569 0.5703125 0.07026143790849673 0.0859375
0 0.5310457516339869 0.5205078125 0.0784313725490196 0.099609375
0 0.5490196078431373 0.5869140625 0.05555555555555556 0.068359375
0 0.4893790849673203 0.73828125 0.05065359477124183 0.0625
0 0.5588235294117647 0.396484375 0.08169934640522876 0.1015625
0 0.732843137254902 0.4375 0.06372549019607843 0.0859375
0 0.7720588235294118 0.376953125 0.07026143790849673 0.09765625
0 0.7794117647058824 0.5185546875 0.06862745098039216 0.095703125
0 0.7459150326797386 0.5595703125 0.07679738562091504 0.091796875
0 0.6772875816993464 0.6005859375 0.07352941176470588 0.091796875
0 0.6160130718954249 0.681640625 0.05555555555555556 0.0703125
