0 0.0923202614379085 0.2626953125 0.11274509803921569 0.142578125
0 0.2589869281045752 0.365234375 0.07352941176470588 0.12109375
0 0.11437908496732027 0.865234375 0.05555555555555556 0.0859375
0 0.16339869281045752 0.8642578125 0.058823529411764705 0.091796875
0 0.1527777777777778 0.9658203125 0.04084967320261438 0.052734375
0 0.43790849673202614 0.7822265625 0.04575163398692811 0.056640625
0 0.49101307189542487 0.3759765625 0.05065359477124183 0.083984375
0 0.5955882352941176 0.3818359375 0.06372549019607843 0.087890625
0 0.6045751633986929 0.1357421875 0.08169934640522876 0.107421875
0 0.8733660130718954 0.0947265625 0.08660130718954248 0.107421875
0 0.8651960784313726 0.2353515625 0.08333333333333334 0.111328125
0 0.9370915032679739 0.5283203125 0.08006535947712419 0.076171875
0 0.7140522875816994 0.7724609375 0.05228758169934641 0.060546875
0 0.8055555555555556 0.8720703125 0.049019607843137254 0.056640625
