0 0.10212418300653595 0.1201171875 0.07679738562091504 0.091796875
0 0.12173202614379085 0.1611328125 0.09313725490196079 0.119140625
0 0.3194444444444445 0.2294921875 0.10620915032679738 0.130859375
0 0.2238562091503268 0.490234375 0.06535947712418301 0.078125
0 0.2687908496732026 0.5029296875 0.05392156862745098 0.087890625
0 0.03594771241830066 0.71484375 0.05228758169934641 0.06640625
0 0.11519607843137256 0.75 0.07679738562091504 0.1015625
0 0.13643790849673204 0.8466796875 0.07352941176470588 0.099609375
0 0.4019607843137255 0.6259765625 0.05555555555555556 0.091796875
0 0.3545751633986928 0.6220703125 0.049019607843137254 0.064453125
0 0.369281045751634 0.66796875 0.05555555555555556 0.06640625
0 0.5277777777777778 0.1416015625 0.08169934640522876 0.123046875
0 0.5629084967320261 0.18359375 0.09640522875816994 0.125
0 0.4542483660130719 0.85546875 0.049019607843137254 0.05859375
0 0.6952614379084967 0.4033203125 0.07679738562091504 0.099609375
0 0.9550653594771242 0.5009765625 0.06699346405228758 0.087890625
0 0.7573529411764706 0.5634765625 0.06699346405228758 0.103515625
0 0.6968954248366013 0.4677734375 0.06699346405228758 0.076171875
0 0.7156862745098039 0.583984375 0.07516339869281045 0.1015625
0 0.7736928104575164 0.6708984375 0.08006535947712419 0.099609375
0 0.8137254901960784 0.712890625 0.06535947712418301 0.0859375
0 0.8455882352941176 0.80078125 0.06045751633986928 0.0859375
0 0.8848039215686275 0.8203125 0.07352941176470588 0.08984375
0 0.6552287581699346 0.44921875 0.05228758169934641 0.06640625
