0 0.17401960784313725 0.2666015625 0.06372549019607843 0.091796875
0 0.22222222222222224 0.267578125 0.07189542483660132 0.09765625
0 0.1968954248366013 0.4775390625 0.07026143790849673 0.107421875
0 0.4542483660130719 0.53515625 0.06862745098039216 0.109375
0 0.125 0.57421875 0.08986928104575163 0.13671875
0 0.08496732026143791 0.958984375 0.06862745098039216 0.078125
0 0.14379084967320263 0.97265625 0.10457516339869281 0.0546875
0 0.4534313725490196 0.951171875 0.07679738562091504 0.09375
0 0.5040849673202614 0.77734375 0.06045751633986928 0.1015625
0 0.6323529411764706 0.9755859375 0.05555555555555556 0.048828125
0 0.7173202614379085 0.828125 0.07516339869281045 0.08984375
0 0.7156862745098039 0.91015625 0.0784313725490196 0.11328125
0 0.7777777777777778 0.94921875 0.07516339869281045 0.09765625
0 0.9281045751633987 0.7001953125 0.09150326797385622 0.126953125
0 0.49836601307189543 0.32421875 0.06209150326797386 0.08203125
0 0.5040849673202614 0.240234375 0.05392156862745098 0.0703125
0 0.5351307189542484 0.291015625 0.04738562091503268 0.06640625
0 0.7001633986928105 0.205078125 0.06699346405228758 0.10546875
0 0.7679738562091504 0.2109375 0.08169934640522876 0.109375
