0 0.022058823529411766 0.8623046875 0.04084967320261438 0.103515625
0 0.10049019607843138 0.4111328125 0.08986928104575163 0.111328125
0 0.1968954248366013 0.607421875 0.09640522875816994 0.12109375
0 0.2303921568627451 0.5419921875 0.0784313725490196 0.095703125
0 0.20506535947712418 0.2626953125 0.08006535947712419 0.107421875
0 0.2549019607843137 0.3544921875 0.11437908496732027 0.142578125
0 0.33251633986928103 0.263671875 0.10294117647058824 0.14453125
0 0.8218954248366014 0.4072265625 0.08823529411764706 0.111328125
0 0.3619281045751634 0.5771484375 0.09313725490196079 0.126953125
0 0.303921568627451 0.6337890625 0.08169934640522876 0.119140625
0 0.5163398692810458 0.7021484375 0.08496732026143791 0.103515625
0 0.5767973856209151 0.7138671875 0.07189542483660132 0.103515625
