0 0.032679738562091505 0.27734375 0.06209150326797386 0.10546875
0 0.2687908496732026 0.1337890625 0.07352941176470588 0.091796875
0 0.09395424836601307 0.490234375 0.08660130718954248 0.09375
0 0.10049019607843138 0.7373046875 0.07679738562091504 0.111328125
0 0.26143790849673204 0.9697265625 0.08496732026143791 0.060546875
0 0.6233660130718954 0.6533203125 0.08660130718954248 0.119140625
0 0.5996732026143791 0.9326171875 0.06209150326797386 0.111328125
0 0.6552287581699346 0.9384765625 0.09477124183006536 0.123046875
0 0.6552287581699346 0.53125 0.09150326797385622 0.12890625
0 0.7083333333333334 0.2392578125 0.08986928104575163 0.107421875
0 0.5939542483660131 0.2705078125 0.06045751633986928 0.087890625
0 0.9558823529411765 0.837890625 0.0392156862745098 0.07421875
0 0.9591503267973857 0.9267578125 0.05555555555555556 0.076171875
