0 0.3006535947712418 0.3232421875 0.05228758169934641 0.080078125
0 0.3415032679738562 0.4638671875 0.06535947712418301 0.087890625
0 0.303921568627451 0.63671875 0.05555555555555556 0.07421875
0 0.4607843137254902 0.5478515625 0.06862745098039216 0.095703125
0 0.5743464052287582 0.4150390625 0.07679738562091504 0.091796875
0 0.6642156862745098 0.4013671875 0.07679738562091504 0.095703125
0 0.3496732026143791 0.7158203125 0.049019607843137254 0.064453125
0 0.7181372549019608 0.5732421875 0.08333333333333334 0.119140625
0 0.7246732026143791 0.69921875 0.06372549019607843 0.0703125
0 0.9444444444444444 0.46875 0.05555555555555556 0.078125
0 0.9207516339869282 0.5224609375 0.04738562091503268 0.048828125
0 0.8929738562091504 0.5009765625 0.05065359477124183 0.087890625
0 0.8602941176470589 0.4814453125 0.057189542483660136 0.099609375
0 0.9142156862745099 0.5732421875 0.05392156862745098 0.080078125
0 0.8602941176470589 0.5595703125 0.057189542483660136 0.083984375
0 0.8856209150326798 0.630859375 0.058823529411764705 0.08984375
