0 0.0857843137254902 0.822265625 0.05392156862745098 0.09375
0 0.06290849673202614 0.853515625 0.05065359477124183 0.08984375
0 0.0923202614379085 0.9111328125 0.07679738562091504 0.107421875
0 0.03431372549019608 0.96484375 0.06535947712418301 0.0703125
0 0.6119281045751634 0.72265625 0.057189542483660136 0.09765625
0 0.6576797385620915 0.728515625 0.06699346405228758 0.1015625
0 0.7132352941176471 0.7314453125 0.07026143790849673 0.103515625
0 0.7753267973856209 0.7138671875 0.06699346405228758 0.103515625
0 0.8120915032679739 0.6689453125 0.07516339869281045 0.091796875
0 0.9019607843137255 0.7626953125 0.07189542483660132 0.103515625
0 0.7696078431372549 0.5458984375 0.06862745098039216 0.099609375
0 0.4746732026143791 0.287109375 0.08986928104575163 0.11328125
0 0.4607843137254902 0.0927734375 0.0784313725490196 0.115234375
0 0.5065359477124183 0.0439453125 0.07189542483660132 0.083984375
0 0.8733660130718954 0.03125 0.07679738562091504 0.05859375
0 0.9665032679738562 0.2001953125 0.05392156862745098 0.072265625
