0 0.08496732026143791 0.5283203125 0.05228758169934641 0.080078125
0 0.07679738562091504 0.58984375 0.06209150326797386 0.0859375
0 0.13398692810457516 0.623046875 0.058823529411764705 0.0703125
0 0.2361111111111111 0.4775390625 0.04738562091503268 0.060546875
0 0.4068627450980392 0.2470703125 0.06862745098039216 0.072265625
0 0.3872549019607843 0.142578125 0.042483660130718956 0.06640625
0 0.5449346405228759 0.666015625 0.06699346405228758 0.1015625
0 0.6887254901960784 0.4716796875 0.08006535947712419 0.107421875
0 0.7377450980392157 0.40625 0.08986928104575163 0.1171875
0 0.9616013071895425 0.40234375 0.07679738562091504 0.14453125
0 0.8733660130718954 0.609375 0.09640522875816994 0.125
0 0.9558823529411765 0.921875 0.08496732026143791 0.109375
