0 0.12908496732026145 0.22265625 0.08823529411764706 0.12109375
0 0.1380718954248366 0.037109375 0.07026143790849673 0.0703125
0 0.20016339869281047 0.0458984375 0.07352941176470588 0.087890625
0 0.36601307189542487 0.875 0.07189542483660132 0.10546875
0 0.5457516339869282 0.419921875 0.09477124183006536 0.11328125
0 0.5866013071895425 0.865234375 0.07516339869281045 0.12109375
0 0.5375816993464052 0.962890625 0.07189542483660132 0.07421875
0 0.6045751633986929 0.671875 0.0784313725490196 0.10546875
0 0.6323529411764706 0.771484375 0.0784313725490196 0.1171875
0 0.6862745098039216 0.767578125 0.07516339869281045 0.109375
0 0.6830065359477124 0.8779296875 0.08169934640522876 0.115234375
0 0.7058823529411765 0.9599609375 0.08169934640522876 0.076171875
0 0.6740196078431373 0.392578125 0.06045751633986928 0.08984375
0 0.6919934640522876 0.3271484375 0.06372549019607843 0.087890625
0 0.7516339869281046 0.3115234375 0.07189542483660132 0.095703125
0 0.7916666666666667 0.2294921875 0.07352941176470588 0.095703125
0 0.821078431372549 0.2978515625 0.06372549019607843 0.095703125
0 0.9264705882352942 0.5390625 0.06535947712418301 0.09765625
0 0.20751633986928106 0.5322265625 0.05555555555555556 0.068359375
