0 0.10702614379084968 0.7099609375 0.04084967320261438 0.068359375
0 0.08741830065359478 0.81640625 0.05065359477124183 0.06640625
0 0.10947712418300654 0.865234375 0.06862745098039216 0.078125
0 0.13643790849673204 0.8037109375 0.03758169934640523 0.060546875
0 0.17401960784313725 0.8203125 0.05065359477124183 0.0703125
0 0.49836601307189543 0.658203125 0.06862745098039216 0.07421875
0 0.2303921568627451 0.947265625 0.05555555555555556 0.0625
0 0.5563725490196079 0.6689453125 0.06699346405228758 0.080078125
0 0.5612745098039216 0.7470703125 0.06372549019607843 0.083984375
0 0.6102941176470589 0.78515625 0.06372549019607843 0.07421875
0 0.7066993464052288 0.5546875 0.09313725490196079 0.08203125
0 0.8080065359477124 0.5341796875 0.07679738562091504 0.087890625
0 0.6691176470588236 0.68359375 0.06699346405228758 0.0859375
0 0.7271241830065359 0.689453125 0.05555555555555556 0.09375
0 0.6650326797385621 0.8291015625 0.0784313725490196 0.064453125
0 0.6495098039215687 0.8818359375 0.07679738562091504 0.072265625
0 0.7581699346405228 0.8173828125 0.07189542483660132 0.083984375
0 0.8300653594771242 0.7607421875 0.06535947712418301 0.083984375
0 0.8839869281045752 0.7958984375 0.07516339869281045 0.080078125
0 0.7165032679738562 0.611328125 0.06699346405228758 0.0546875
