0 0.5849673202614379 0.375 0.06862745098039216 0.1015625
0 0.5759803921568628 0.4619140625 0.057189542483660136 0.083984375
0 0.8333333333333334 0.2099609375 0.07189542483660132 0.099609375
0 0.9003267973856209 0.333984375 0.07516339869281045 0.09765625
0 0.9575163398692811 0.4521484375 0.05555555555555556 0.080078125
0 0.6609477124183006 0.57421875 0.06699346405228758 0.1015625
0 0.7908496732026145 0.4599609375 0.07189542483660132 0.095703125
0 0.7712418300653595 0.5458984375 0.0784313725490196 0.107421875
0 0.8447712418300654 0.5283203125 0.0784313725490196 0.103515625
0 0.9591503267973857 0.595703125 0.0392156862745098 0.078125
0 0.9240196078431373 0.578125 0.07026143790849673 0.12109375
