0 0.11111111111111112 0.1884765625 0.08823529411764706 0.123046875
0 0.09803921568627451 0.3203125 0.06209150326797386 0.0703125
0 0.3562091503267974 0.2890625 0.10130718954248366 0.12109375
0 0.022875816993464054 0.0478515625 0.042483660130718956 0.083984375
0 0.02369281045751634 0.24609375 0.04411764705882353 0.0703125
0 0.03839869281045752 0.26953125 0.04411764705882353 0.08203125
0 0.06372549019607843 0.2265625 0.042483660130718956 0.0703125
0 0.5939542483660131 0.5185546875 0.07679738562091504 0.115234375
0 0.6397058823529412 0.4541015625 0.07679738562091504 0.123046875
0 0.7581699346405228 0.607421875 0.06862745098039216 0.09765625
0 0.8161764705882353 0.5947265625 0.07026143790849673 0.087890625
0 0.9338235294117647 0.1259765625 0.08333333333333334 0.115234375
0 0.9150326797385622 0.20703125 0.06535947712418301 0.09375
0 0.7990196078431373 0.083984375 0.0784313725490196 0.08203125
0 0.8243464052287582 0.197265625 0.07026143790849673 0.0859375
