0 0.09558823529411765 0.791015625 0.05392156862745098 0.0703125
0 0.13071895424836602 0.861328125 0.05555555555555556 0.078125
0 0.09640522875816994 0.623046875 0.049019607843137254 0.07421875
0 0.14133986928104575 0.6455078125 0.08660130718954248 0.123046875
0 0.17565359477124184 0.5810546875 0.08660130718954248 0.119140625
0 0.20915032679738563 0.63671875 0.049019607843137254 0.07421875
0 0.24673202614379086 0.6005859375 0.0784313725490196 0.134765625
0 0.4076797385620915 0.26171875 0.10294117647058824 0.1328125
0 0.46486928104575165 0.171875 0.09640522875816994 0.125
0 0.5147058823529412 0.3388671875 0.09477124183006536 0.123046875
0 0.5808823529411765 0.69140625 0.08006535947712419 0.1328125
0 0.6486928104575164 0.72265625 0.08823529411764706 0.125
0 0.7165032679738562 0.7177734375 0.06699346405228758 0.072265625
