0 0.38071895424836605 0.2470703125 0.07516339869281045 0.099609375
0 0.25980392156862747 0.2529296875 0.0784313725490196 0.091796875
0 0.25653594771241833 0.31640625 0.08169934640522876 0.078125
0 0.3504901960784314 0.388671875 0.07679738562091504 0.09375
0 0.3880718954248366 0.47265625 0.07352941176470588 0.09765625
0 0.38643790849673204 0.8818359375 0.08006535947712419 0.107421875
0 0.2687908496732026 0.94921875 0.08986928104575163 0.1015625
0 0.21323529411764708 0.96875 0.05065359477124183 0.0625
0 0.6797385620915033 0.6591796875 0.0784313725490196 0.107421875
0 0.7165032679738562 0.76953125 0.07352941176470588 0.10546875
0 0.7459150326797386 0.9140625 0.08006535947712419 0.1015625
