0 0.45915032679738566 0.1982421875 0.06209150326797386 0.083984375
0 0.573529411764706 0.4296875 0.07189542483660132 0.1015625
0 0.45588235294117646 0.4814453125 0.08496732026143791 0.103515625
0 0.4534313725490196 0.5673828125 0.07352941176470588 0.111328125
0 0.352124183006536 0.6513671875 0.06372549019607843 0.099609375
0 0.06045751633986928 0.6318359375 0.06209150326797386 0.072265625
0 0.49264705882352944 0.7802734375 0.06699346405228758 0.091796875
0 0.4199346405228758 0.791015625 0.06209150326797386 0.08984375
0 0.042483660130718956 0.923828125 0.06209150326797386 0.09375
0 0.9223856209150327 0.890625 0.07352941176470588 0.1015625
0 0.9714052287581699 0.9599609375 0.04411764705882353 0.080078125
0 0.9076797385620915 0.4228515625 0.04738562091503268 0.048828125
