0 0.37663398692810457 0.7060546875 0.10294117647058824 0.130859375
0 0.43218954248366015 0.6728515625 0.06699346405228758 0.095703125
0 0.16094771241830066 0.837890625 0.08986928104575163 0.13671875
0 0.2622549019607843 0.80859375 0.04738562091503268 0.0625
0 0.28594771241830064 0.8310546875 0.042483660130718956 0.052734375
0 0.3186274509803922 0.966796875 0.05228758169934641 0.06640625
0 0.4362745098039216 0.822265625 0.042483660130718956 0.06640625
0 0.47303921568627455 0.8134765625 0.057189542483660136 0.068359375
0 0.5212418300653595 0.8330078125 0.05228758169934641 0.060546875
0 0.4820261437908497 0.8740234375 0.058823529411764705 0.072265625
0 0.03431372549019608 0.7626953125 0.042483660130718956 0.068359375
0 0.016339869281045753 0.794921875 0.029411764705882353 0.078125
0 0.6462418300653595 0.169921875 0.057189542483660136 0.07421875
0 0.5383986928104575 0.2392578125 0.06372549019607843 0.076171875
