0 0.4673202614379085 0.2236328125 0.049019607843137254 0.064453125
0 0.5008169934640523 0.3310546875 0.04411764705882353 0.080078125
0 0.5351307189542484 0.3193359375 0.057189542483660136 0.083984375
0 0.571078431372549 0.29296875 0.06045751633986928 0.0703125
0 0.7475490196078431 0.255859375 0.07026143790849673 0.08984375
0 0.9011437908496732 0.236328125 0.07352941176470588 0.09765625
0 0.6241830065359477 0.4755859375 0.049019607843137254 0.087890625
0 0.3504901960784314 0.8017578125 0.04411764705882353 0.048828125
0 0.46486928104575165 0.7578125 0.04084967320261438 0.07421875
0 0.4950980392156863 0.7578125 0.049019607843137254 0.078125
0 0.5294117647058824 0.7578125 0.049019607843137254 0.0703125
0 0.6470588235294118 0.5390625 0.06209150326797386 0.0859375
0 0.667483660130719 0.4921875 0.05392156862745098 0.06640625
0 0.7001633986928105 0.5283203125 0.07026143790849673 0.103515625
0 0.7875816993464052 0.69921875 0.0392156862745098 0.06640625
0 0.8284313725490197 0.7177734375 0.05555555555555556 0.072265625
0 0.9689542483660131 0.6103515625 0.05228758169934641 0.083984375
