0 0.19362745098039216 0.09765625 0.057189542483660136 0.0859375
0 0.47303921568627455 0.21484375 0.07026143790849673 0.078125
0 0.9093137254901961 0.09765625 0.04738562091503268 0.0625
0 0.03431372549019608 0.615234375 0.06535947712418301 0.06640625
0 0.03594771241830066 0.671875 0.06862745098039216 0.1015625
0 0.05228758169934641 0.8896484375 0.058823529411764705 0.091796875
0 0.20098039215686275 0.8876953125 0.07189542483660132 0.087890625
0 0.6184640522875817 0.63671875 0.06372549019607843 0.09765625
0 0.27450980392156865 0.77734375 0.07516339869281045 0.12109375
0 0.7467320261437909 0.498046875 0.06535947712418301 0.08984375
0 0.6421568627450981 0.5166015625 0.05228758169934641 0.072265625
0 0.8480392156862745 0.755859375 0.058823529411764705 0.08203125
0 0.852124183006536 0.546875 0.057189542483660136 0.08203125
0 0.9468954248366014 0.6845703125 0.06372549019607843 0.087890625
0 0.977124183006536 0.5419921875 0.04575163398692811 0.068359375
