0 0.08006535947712419 0.2734375 0.09803921568627451 0.09765625
0 0.08088235294117647 0.3671875 0.10620915032679738 0.125
0 0.12826797385620917 0.9658203125 0.06699346405228758 0.064453125
0 0.11846405228758171 0.8515625 0.057189542483660136 0.078125
0 0.1315359477124183 0.798828125 0.06045751633986928 0.07421875
0 0.17973856209150327 0.802734375 0.05555555555555556 0.08203125
0 0.24673202614379086 0.861328125 0.05228758169934641 0.078125
0 0.27941176470588236 0.8876953125 0.049019607843137254 0.076171875
0 0.30800653594771243 0.8671875 0.057189542483660136 0.078125
0 0.2826797385620915 0.7333984375 0.10130718954248366 0.130859375
0 0.29901960784313725 0.66015625 0.11111111111111112 0.109375
0 0.39542483660130723 0.681640625 0.09803921568627451 0.12109375
0 0.3643790849673203 0.7666015625 0.08823529411764706 0.130859375
0 0.47385620915032683 0.8662109375 0.11437908496732027 0.142578125
0 0.46895424836601307 0.958984375 0.11764705882352941 0.08203125
0 0.48284313725490197 0.7763671875 0.08986928104575163 0.095703125
0 0.375 0.345703125 0.08333333333333334 0.12109375
0 0.44689542483660133 0.33984375 0.09640522875816994 0.12890625
0 0.40522875816993464 0.4677734375 0.09803921568627451 0.146484375
0 0.5212418300653595 0.4453125 0.09477124183006536 0.140625
0 0.5825163398692811 0.5107421875 0.10294117647058824 0.134765625
0 0.6560457516339869 0.4228515625 0.08006535947712419 0.099609375
0 0.6993464052287582 0.50390625 0.10784313725490197 0.12890625
0 0.8602941176470589 0.6923828125 0.08660130718954248 0.119140625
0 0.8978758169934641 0.8046875 0.09640522875816994 0.1171875
0 0.6315359477124183 0.8818359375 0.10294117647058824 0.123046875
0 0.5547385620915033 0.625 0.05065359477124183 0.05859375
0 0.673202614379085 0.6923828125 0.05555555555555556 0.080078125
0 0.5433006535947713 0.76171875 0.07026143790849673 0.08984375
0 0.6127450980392157 0.7783203125 0.09803921568627451 0.107421875
0 0.5767973856209151 0.7001953125 0.12091503267973856 0.130859375
0 0.704248366013072 0.6318359375 0.05228758169934641 0.076171875
