0 0.4068627450980392 0.087890625 0.06209150326797386 0.0859375
0 0.4011437908496732 0.2001953125 0.05392156862745098 0.076171875
0 0.10866013071895425 0.611328125 0.06699346405228758 0.08984375
0 0.13480392156862744 0.6845703125 0.06045751633986928 0.099609375
0 0.12173202614379085 0.78125 0.05392156862745098 0.09375
0 0.18055555555555555 0.83203125 0.07352941176470588 0.09765625
0 0.28104575163398693 0.642578125 0.07516339869281045 0.09765625
0 0.2720588235294118 0.921875 0.06699346405228758 0.1015625
0 0.32679738562091504 0.9521484375 0.06862745098039216 0.095703125
0 0.41013071895424835 0.8955078125 0.05228758169934641 0.072265625
0 0.434640522875817 0.8203125 0.07189542483660132 0.0703125
0 0.613562091503268 0.435546875 0.06372549019607843 0.1015625
0 0.6691176470588236 0.4189453125 0.07352941176470588 0.119140625
0 0.6691176470588236 0.5693359375 0.06699346405228758 0.103515625
0 0.7124183006535948 0.5927734375 0.05228758169934641 0.083984375
0 0.7663398692810458 0.580078125 0.07189542483660132 0.10546875
0 0.8186274509803921 0.6455078125 0.06862745098039216 0.091796875
0 0.8316993464052288 0.5947265625 0.09803921568627451 0.123046875
0 0.738562091503268 0.7001953125 0.042483660130718956 0.064453125
