0 0.1380718954248366 0.60546875 0.06699346405228758 0.0859375
0 0.10130718954248366 0.6806640625 0.06535947712418301 0.087890625
0 0.07924836601307189 0.8603515625 0.06372549019607843 0.080078125
0 0.17892156862745098 0.8564453125 0.06699346405228758 0.080078125
0 0.23284313725490197 0.6435546875 0.07352941176470588 0.099609375
0 0.3872549019607843 0.87890625 0.08823529411764706 0.09765625
0 0.4812091503267974 0.626953125 0.08986928104575163 0.08203125
0 0.49183006535947715 0.56640625 0.06535947712418301 0.06640625
0 0.5866013071895425 0.66015625 0.09477124183006536 0.1015625
0 0.5106209150326797 0.8193359375 0.07026143790849673 0.087890625
0 0.6715686274509804 0.6328125 0.08169934640522876 0.08984375
0 0.7099673202614379 0.6494140625 0.05392156862745098 0.076171875
0 0.8488562091503268 0.580078125 0.08006535947712419 0.09765625
0 0.9035947712418301 0.6123046875 0.10457516339869281 0.107421875
