0 0.35866013071895425 0.2265625 0.05392156862745098 0.07421875
0 0.3137254901960784 0.228515625 0.049019607843137254 0.0703125
0 0.33169934640522875 0.287109375 0.06209150326797386 0.06640625
0 0.021241830065359478 0.365234375 0.0392156862745098 0.13671875
0 0.05147058823529412 0.4404296875 0.06372549019607843 0.095703125
0 0.04330065359477124 0.49609375 0.06372549019607843 0.0625
0 0.18382352941176472 0.552734375 0.07679738562091504 0.125
0 0.25571895424836605 0.5224609375 0.08006535947712419 0.123046875
0 0.23937908496732027 0.8115234375 0.09640522875816994 0.130859375
0 0.0784313725490196 0.9248046875 0.08823529411764706 0.123046875
0 0.3741830065359477 0.908203125 0.08823529411764706 0.12890625
0 0.4076797385620915 0.9560546875 0.07352941176470588 0.087890625
