0 0.3243464052287582 0.1494140625 0.06699346405228758 0.083984375
0 0.41339869281045755 0.1337890625 0.05555555555555556 0.072265625
0 0.11111111111111112 0.7060546875 0.08496732026143791 0.099609375
0 0.16339869281045752 0.7490234375 0.07516339869281045 0.080078125
0 0.5620915032679739 0.498046875 0.08496732026143791 0.10546875
0 0.7205882352941176 0.255859375 0.08496732026143791 0.1171875
0 0.4027777777777778 0.4384765625 0.06045751633986928 0.076171875
0 0.738562091503268 0.4931640625 0.06209150326797386 0.083984375
0 0.7794117647058824 0.5263671875 0.07516339869281045 0.095703125
0 0.8937908496732027 0.5732421875 0.09477124183006536 0.130859375
0 0.8366013071895425 0.6123046875 0.09803921568627451 0.119140625
