0 0.07107843137254902 0.3388671875 0.08660130718954248 0.123046875
0 0.11029411764705882 0.396484375 0.08333333333333334 0.11328125
0 0.1985294117647059 0.3916015625 0.08006535947712419 0.111328125
0 0.24101307189542484 0.349609375 0.08006535947712419 0.1171875
0 0.3472222222222222 0.294921875 0.08660130718954248 0.125
0 0.36764705882352944 0.4677734375 0.06209150326797386 0.080078125
0 0.6821895424836601 0.138671875 0.08986928104575163 0.1171875
0 0.6070261437908497 0.3134765625 0.09313725490196079 0.115234375
0 0.5645424836601307 0.3466796875 0.09313725490196079 0.103515625
0 0.559640522875817 0.43359375 0.08660130718954248 0.11328125
0 0.42320261437908496 0.6103515625 0.07516339869281045 0.091796875
0 0.5776143790849674 0.58203125 0.05065359477124183 0.0703125
0 0.14624183006535948 0.8564453125 0.07679738562091504 0.111328125
0 0.2638888888888889 0.849609375 0.06699346405228758 0.06640625
0 0.2647058823529412 0.8955078125 0.06862745098039216 0.095703125
0 0.37173202614379086 0.85546875 0.07352941176470588 0.1015625
0 0.3684640522875817 0.908203125 0.07026143790849673 0.0625
0 0.4607843137254902 0.8681640625 0.06862745098039216 0.099609375
0 0.49183006535947715 0.947265625 0.07516339869281045 0.1015625
0 0.8341503267973857 0.75390625 0.08006535947712419 0.1171875
0 0.7279411764705882 0.8740234375 0.08660130718954248 0.119140625
0 0.6919934640522876 0.9423828125 0.08660130718954248 0.099609375
