0 0.12908496732026145 0.8232421875 0.11437908496732027 0.111328125
0 0.31209150326797386 0.7119140625 0.07516339869281045 0.107421875
0 0.369281045751634 0.6865234375 0.0784313725490196 0.099609375
0 0.4207516339869281 0.5458984375 0.07026143790849673 0.091796875
0 0.4281045751633987 0.62890625 0.06862745098039216 0.078125
0 0.4575163398692811 0.76953125 0.05228758169934641 0.09375
0 0.47385620915032683 0.806640625 0.04575163398692811 0.07421875
0 0.4991830065359477 0.8212890625 0.05065359477124183 0.083984375
0 0.6977124183006537 0.86328125 0.08169934640522876 0.10546875
0 0.7263071895424836 0.794921875 0.06045751633986928 0.07421875
0 0.5784313725490197 0.525390625 0.06209150326797386 0.08984375
0 0.6323529411764706 0.5068359375 0.058823529411764705 0.080078125
0 0.6838235294117647 0.142578125 0.08006535947712419 0.1015625
0 0.6421568627450981 0.201171875 0.06209150326797386 0.1015625
0 0.6928104575163399 0.2216796875 0.06209150326797386 0.087890625
0 0.7148692810457516 0.3671875 0.07026143790849673 0.09375
0 0.7712418300653595 0.396484375 0.06209150326797386 0.0859375
0 0.7467320261437909 0.2138671875 0.06535947712418301 0.087890625
0 0.8080065359477124 0.208984375 0.06699346405228758 0.08203125
0 0.9207516339869282 0.34765625 0.09313725490196079 0.12890625
0 0.9844771241830066 0.4951171875 0.03104575163398693 0.083984375
0 0.9779411764705883 0.5908203125 0.04411764705882353 0.103515625
0 0.9534313725490197 0.67578125 0.05392156862745098 0.08203125
