0 0.7851307189542484 0.8701171875 0.06699346405228758 0.099609375
0 0.7377450980392157 0.84765625 0.057189542483660136 0.09375
0 0.7614379084967321 0.8017578125 0.06862745098039216 0.087890625
0 0.8161764705882353 0.6845703125 0.05392156862745098 0.076171875
0 0.7491830065359477 0.66796875 0.08006535947712419 0.09375
0 0.821078431372549 0.59375 0.06372549019607843 0.08984375
0 0.8668300653594772 0.548828125 0.07026143790849673 0.09765625
0 0.9101307189542484 0.5888671875 0.05555555555555556 0.072265625
0 0.9240196078431373 0.6728515625 0.08333333333333334 0.099609375
0 0.6070261437908497 0.63671875 0.08006535947712419 0.11328125
0 0.5563725490196079 0.583984375 0.07679738562091504 0.109375
0 0.7001633986928105 0.35546875 0.07352941176470588 0.10546875
0 0.8880718954248367 0.0439453125 0.08986928104575163 0.083984375
0 0.13725490196078433 0.0205078125 0.07189542483660132 0.037109375
0 0.20261437908496732 0.0205078125 0.07189542483660132 0.037109375
0 0.2622549019607843 0.01953125 0.06372549019607843 0.03515625
