0 0.031862745098039214 0.111328125 0.05065359477124183 0.05859375
0 0.028594771241830068 0.169921875 0.05392156862745098 0.09765625
0 0.03431372549019608 0.3271484375 0.06209150326797386 0.087890625
0 0.029411764705882353 0.4111328125 0.049019607843137254 0.080078125
0 0.07679738562091504 0.396484375 0.06209150326797386 0.1015625
0 0.2377450980392157 0.4189453125 0.04738562091503268 0.068359375
0 0.7671568627450981 0.5078125 0.08333333333333334 0.1328125
0 0.7132352941176471 0.5546875 0.09967320261437909 0.125
0 0.5473856209150327 0.650390625 0.09803921568627451 0.12890625
0 0.6029411764705882 0.732421875 0.09477124183006536 0.12890625
0 0.6462418300653595 0.7041015625 0.06372549019607843 0.115234375
0 0.5441176470588236 0.798828125 0.09150326797385622 0.12890625
0 0.6176470588235294 0.8203125 0.06862745098039216 0.0859375
0 0.7050653594771242 0.8193359375 0.08333333333333334 0.111328125
0 0.7720588235294118 0.8818359375 0.057189542483660136 0.099609375
0 0.7287581699346406 0.904296875 0.06535947712418301 0.1171875
