0 0.36356209150326796 0.7275390625 0.07679738562091504 0.103515625
0 0.49101307189542487 0.58203125 0.07679738562091504 0.109375
0 0.7312091503267975 0.6611328125 0.08006535947712419 0.115234375
0 0.3897058823529412 0.0751953125 0.09967320261437909 0.099609375
0 0.38480392156862747 0.1533203125 0.08006535947712419 0.115234375
0 0.47385620915032683 0.107421875 0.07516339869281045 0.09375
0 0.6748366013071896 0.1259765625 0.08169934640522876 0.115234375
0 0.7475490196078431 0.0986328125 0.08006535947712419 0.115234375
0 0.6944444444444444 0.296875 0.06862745098039216 0.12890625
0 0.9044117647058824 0.5673828125 0.09640522875816994 0.123046875
0 0.9558823529411765 0.40234375 0.08169934640522876 0.125
0 0.982843137254902 0.1953125 0.03431372549019608 0.10546875
