0 0.04656862745098039 0.2646484375 0.06699346405228758 0.087890625
0 0.13480392156862744 0.2001953125 0.06045751633986928 0.076171875
0 0.17238562091503268 0.271484375 0.08006535947712419 0.09375
0 0.28513071895424835 0.078125 0.05392156862745098 0.07421875
0 0.0857843137254902 0.75390625 0.06045751633986928 0.07421875
0 0.13970588235294118 0.826171875 0.05392156862745098 0.0703125
0 0.16584967320261437 0.7373046875 0.057189542483660136 0.072265625
0 0.29248366013071897 0.294921875 0.06862745098039216 0.08984375
0 0.33496732026143794 0.2939453125 0.03594771241830066 0.060546875
0 0.3553921568627451 0.1513671875 0.06045751633986928 0.072265625
0 0.352124183006536 0.212890625 0.06699346405228758 0.0859375
0 0.39869281045751637 0.1875 0.06535947712418301 0.07421875
0 0.4812091503267974 0.7177734375 0.06045751633986928 0.087890625
0 0.5841503267973857 0.828125 0.06045751633986928 0.08984375
0 0.6756535947712419 0.6845703125 0.07679738562091504 0.091796875
0 0.7361111111111112 0.7109375 0.07679738562091504 0.1015625
0 0.6748366013071896 0.740234375 0.08169934640522876 0.08203125
0 0.48447712418300654 0.17578125 0.07352941176470588 0.08984375
0 0.4436274509803922 0.0673828125 0.08333333333333334 0.095703125
0 0.5318627450980392 0.0830078125 0.07352941176470588 0.095703125
0 0.5915032679738562 0.048828125 0.07189542483660132 0.08203125
0 0.5923202614379085 0.1181640625 0.08333333333333334 0.095703125
0 0.798202614379085 0.0244140625 0.06372549019607843 0.044921875
0 0.7263071895424836 0.1806640625 0.09640522875816994 0.099609375
0 0.7647058823529412 0.248046875 0.0784313725490196 0.109375
