0 0.16258169934640523 0.5771484375 0.057189542483660136 0.083984375
0 0.26633986928104575 0.669921875 0.07189542483660132 0.08984375
0 0.3357843137254902 0.6474609375 0.06372549019607843 0.087890625
0 0.4812091503267974 0.4990234375 0.07352941176470588 0.083984375
0 0.5816993464052288 0.5732421875 0.07516339869281045 0.095703125
0 0.06535947712418301 0.97265625 0.04575163398692811 0.0546875
0 0.2973856209150327 0.84765625 0.06209150326797386 0.05859375
0 0.33169934640522875 0.9169921875 0.05555555555555556 0.068359375
0 0.494281045751634 0.9267578125 0.06372549019607843 0.068359375
0 0.5383986928104575 0.927734375 0.06372549019607843 0.078125
0 0.6437908496732027 0.78515625 0.07189542483660132 0.09375
0 0.7058823529411765 0.6591796875 0.07189542483660132 0.083984375
0 0.8398692810457516 0.9248046875 0.09803921568627451 0.091796875
0 0.8047385620915033 0.7939453125 0.06699346405228758 0.076171875
0 0.852124183006536 0.7978515625 0.05065359477124183 0.083984375
