0 0.02042483660130719 0.2568359375 0.03758169934640523 0.091796875
0 0.022875816993464054 0.951171875 0.042483660130718956 0.09375
0 0.06045751633986928 0.912109375 0.0784313725490196 0.11328125
0 0.25571895424836605 0.9501953125 0.08006535947712419 0.095703125
0 0.4011437908496732 0.419921875 0.07352941176470588 0.11328125
0 0.43300653594771243 0.392578125 0.08823529411764706 0.12109375
0 0.45098039215686275 0.3525390625 0.06209150326797386 0.091796875
0 0.6094771241830066 0.5068359375 0.08169934640522876 0.111328125
0 0.6233660130718954 0.375 0.06699346405228758 0.0859375
0 0.6723856209150327 0.220703125 0.08986928104575163 0.13671875
0 0.6870915032679739 0.0673828125 0.08986928104575163 0.115234375
0 0.1650326797385621 0.095703125 0.08496732026143791 0.1015625
0 0.1380718954248366 0.14453125 0.07352941176470588 0.109375
0 0.8480392156862745 0.6435546875 0.06209150326797386 0.080078125
0 0.7736928104575164 0.806640625 0.07352941176470588 0.0859375
