0 0.03104575163398693 0.388671875 0.058823529411764705 0.109375
0 0.0661764705882353 0.458984375 0.10294117647058824 0.12109375
0 0.05065359477124183 0.599609375 0.0784313725490196 0.1171875
0 0.21405228758169936 0.3798828125 0.08496732026143791 0.119140625
0 0.28431372549019607 0.3671875 0.07516339869281045 0.12109375
0 0.434640522875817 0.150390625 0.08169934640522876 0.13671875
0 0.5277777777777778 0.4326171875 0.10457516339869281 0.150390625
0 0.5996732026143791 0.478515625 0.10130718954248366 0.12890625
0 0.6503267973856209 0.447265625 0.09150326797385622 0.14453125
0 0.5767973856209151 0.5400390625 0.10130718954248366 0.134765625
0 0.6315359477124183 0.5703125 0.07352941176470588 0.08984375
0 0.6151960784313726 0.6376953125 0.08006535947712419 0.103515625
0 0.7598039215686275 0.5556640625 0.09150326797385622 0.115234375
0 0.8349673202614379 0.5205078125 0.09477124183006536 0.134765625
0 0.923202614379085 0.5986328125 0.09803921568627451 0.126953125
