0 0.06862745098039216 0.189453125 0.10130718954248366 0.12890625
0 0.11437908496732027 0.1416015625 0.06862745098039216 0.087890625
0 0.04411764705882353 0.3095703125 0.06209150326797386 0.099609375
0 0.07352941176470588 0.396484375 0.08496732026143791 0.109375
0 0.28022875816993464 0.1640625 0.08333333333333334 0.1015625
0 0.2589869281045752 0.201171875 0.07352941176470588 0.0703125
0 0.16094771241830066 0.39453125 0.08006535947712419 0.125
0 0.309640522875817 0.3115234375 0.057189542483660136 0.080078125
0 0.06045751633986928 0.9111328125 0.11111111111111112 0.146484375
0 0.34885620915032683 0.5654296875 0.07352941176470588 0.103515625
0 0.38071895424836605 0.52734375 0.08169934640522876 0.078125
0 0.2761437908496732 0.7421875 0.049019607843137254 0.0625
0 0.315359477124183 0.7509765625 0.05228758169934641 0.087890625
0 0.5637254901960784 0.5576171875 0.07516339869281045 0.095703125
0 0.5580065359477124 0.640625 0.07352941176470588 0.09375
0 0.7434640522875817 0.0576171875 0.08496732026143791 0.083984375
0 0.7973856209150327 0.1845703125 0.0784313725490196 0.080078125
0 0.8864379084967321 0.1435546875 0.07679738562091504 0.091796875
