0 0.08006535947712419 0.625 0.0784313725490196 0.1015625
0 0.20261437908496732 0.51171875 0.0784313725490196 0.09765625
0 0.0857843137254902 0.828125 0.09640522875816994 0.1015625
0 0.16339869281045752 0.7958984375 0.08823529411764706 0.099609375
0 0.3014705882352941 0.724609375 0.08006535947712419 0.06640625
0 0.3423202614379085 0.7802734375 0.07352941176470588 0.064453125
0 0.37663398692810457 0.681640625 0.09640522875816994 0.10546875
0 0.43300653594771243 0.7177734375 0.09150326797385622 0.107421875
0 0.6642156862745098 0.9814453125 0.07679738562091504 0.037109375
0 0.6928104575163399 0.953125 0.07516339869281045 0.08984375
0 0.6233660130718954 0.919921875 0.08333333333333334 0.09765625
0 0.5816993464052288 0.8671875 0.0784313725490196 0.09765625
0 0.5236928104575164 0.8642578125 0.08006535947712419 0.099609375
0 0.5302287581699346 0.826171875 0.07679738562091504 0.09765625
0 0.6004901960784313 0.826171875 0.07679738562091504 0.0859375
0 0.6503267973856209 0.736328125 0.08496732026143791 0.109375
0 0.7066993464052288 0.7021484375 0.08660130718954248 0.103515625
