0 0.09313725490196079 0.6767578125 0.05555555555555556 0.091796875
0 0.14379084967320263 0.7119140625 0.08823529411764706 0.115234375
0 0.24019607843137256 0.609375 0.06862745098039216 0.09765625
0 0.29820261437908496 0.5615234375 0.09967320261437909 0.142578125
0 0.7369281045751634 0.771484375 0.06209150326797386 0.1015625
0 0.7810457516339869 0.482421875 0.06535947712418301 0.0859375
0 0.7549019607843137 0.357421875 0.05555555555555556 0.0546875
0 0.7630718954248367 0.3935546875 0.06209150326797386 0.080078125
0 0.9003267973856209 0.1806640625 0.05228758169934641 0.064453125
0 0.5326797385620915 0.2412109375 0.08169934640522876 0.103515625
0 0.4673202614379085 0.1923828125 0.07516339869281045 0.107421875
0 0.5245098039215687 0.1513671875 0.08496732026143791 0.099609375
0 0.565359477124183 0.03125 0.058823529411764705 0.05859375
0 0.7598039215686275 0.0380859375 0.058823529411764705 0.064453125
