0 0.37745098039215685 0.888671875 0.06209150326797386 0.08203125
0 0.8300653594771242 0.466796875 0.049019607843137254 0.078125
0 0.888888888888889 0.5986328125 0.042483660130718956 0.072265625
0 0.8570261437908497 0.609375 0.057189542483660136 0.08203125
0 0.7426470588235294 0.548828125 0.057189542483660136 0.06640625
0 0.744281045751634 0.6123046875 0.05065359477124183 0.087890625
0 0.6968954248366013 0.5947265625 0.06045751633986928 0.087890625
0 0.7017973856209151 0.701171875 0.04738562091503268 0.0859375
0 0.7377450980392157 0.7392578125 0.05065359477124183 0.083984375
0 0.8357843137254902 0.7900390625 0.04738562091503268 0.072265625
0 0.934640522875817 0.8076171875 0.05228758169934641 0.068359375
0 0.9517973856209151 0.849609375 0.06045751633986928 0.08203125
0 0.8145424836601307 0.8388671875 0.04084967320261438 0.064453125
0 0.8366013071895425 0.890625 0.04575163398692811 0.0625
0 0.8709150326797386 0.916015625 0.0392156862745098 0.06640625
