0 0.2687908496732026 0.83984375 0.08333333333333334 0.1015625
0 0.315359477124183 0.8759765625 0.07189542483660132 0.083984375
0 0.45996732026143794 0.8349609375 0.06372549019607843 0.080078125
0 0.5098039215686274 0.7861328125 0.06209150326797386 0.083984375
0 0.5767973856209151 0.71875 0.06535947712418301 0.07421875
0 0.6111111111111112 0.76171875 0.058823529411764705 0.0703125
0 0.6625816993464052 0.8505859375 0.07026143790849673 0.083984375
0 0.5898692810457516 0.4072265625 0.06862745098039216 0.076171875
0 0.7900326797385621 0.921875 0.07679738562091504 0.08984375
0 0.8194444444444444 0.712890625 0.057189542483660136 0.0703125
0 0.9370915032679739 0.708984375 0.06699346405228758 0.09375
