0 0.20179738562091504 0.3125 0.06045751633986928 0.078125
0 0.12173202614379085 0.5185546875 0.06372549019607843 0.087890625
0 0.08741830065359478 0.7333984375 0.05392156862745098 0.068359375
0 0.07026143790849673 0.7958984375 0.06862745098039216 0.103515625
0 0.30637254901960786 0.6044921875 0.08006535947712419 0.072265625
0 0.4027777777777778 0.4287109375 0.07026143790849673 0.095703125
0 0.7246732026143791 0.7412109375 0.04411764705882353 0.068359375
0 0.7475490196078431 0.630859375 0.04084967320261438 0.0625
0 0.954248366013072 0.5380859375 0.042483660130718956 0.064453125
0 0.9387254901960784 0.49609375 0.07352941176470588 0.08984375
0 0.954248366013072 0.416015625 0.0784313725490196 0.09765625
0 0.9084967320261438 0.2998046875 0.049019607843137254 0.087890625
0 0.8717320261437909 0.322265625 0.04738562091503268 0.08203125
0 0.821078431372549 0.4130859375 0.057189542483660136 0.060546875
0 0.7336601307189543 0.373046875 0.049019607843137254 0.0703125
0 0.5849673202614379 0.3251953125 0.049019607843137254 0.056640625
0 0.5179738562091504 0.265625 0.06209150326797386 0.0703125
0 0.48366013071895425 0.1748046875 0.05228758169934641 0.076171875
0 0.6397058823529412 0.287109375 0.04738562091503268 0.07421875
0 0.6797385620915033 0.2705078125 0.049019607843137254 0.064453125
0 0.6993464052287582 0.205078125 0.05555555555555556 0.05859375
0 0.6609477124183006 0.1455078125 0.06045751633986928 0.076171875
0 0.6119281045751634 0.1279296875 0.06045751633986928 0.068359375
0 0.6021241830065359 0.0927734375 0.05065359477124183 0.060546875
0 0.5816993464052288 0.02734375 0.06209150326797386 0.05078125
0 0.8112745098039216 0.056640625 0.06045751633986928 0.0625
