0 0.3880718954248366 0.107421875 0.08006535947712419 0.11328125
0 0.434640522875817 0.044921875 0.07516339869281045 0.0859375
0 0.4673202614379085 0.140625 0.07516339869281045 0.09765625
0 0.5441176470588236 0.2880859375 0.07516339869281045 0.115234375
0 0.573529411764706 0.3515625 0.05555555555555556 0.06640625
0 0.6160130718954249 0.3271484375 0.09477124183006536 0.115234375
0 0.6838235294117647 0.2822265625 0.05392156862745098 0.099609375
0 0.7785947712418301 0.220703125 0.07026143790849673 0.10546875
0 0.8325163398692811 0.2158203125 0.04084967320261438 0.091796875
0 0.7851307189542484 0.12109375 0.07679738562091504 0.1015625
0 0.7973856209150327 0.0419921875 0.06535947712418301 0.068359375
