0 0.30718954248366015 0.1025390625 0.06535947712418301 0.080078125
0 0.5898692810457516 0.1591796875 0.08823529411764706 0.111328125
0 0.05065359477124183 0.6611328125 0.07516339869281045 0.087890625
0 0.2450980392156863 0.5625 0.058823529411764705 0.08984375
0 0.28022875816993464 0.6123046875 0.08986928104575163 0.107421875
0 0.5 0.5576171875 0.09803921568627451 0.103515625
0 0.5408496732026143 0.494140625 0.10130718954248366 0.1171875
0 0.6013071895424836 0.5927734375 0.09803921568627451 0.111328125
0 0.5604575163398693 0.6953125 0.07189542483660132 0.08203125
0 0.3374183006535948 0.7568359375 0.07679738562091504 0.103515625
0 0.3651960784313726 0.830078125 0.08006535947712419 0.08203125
0 0.3823529411764706 0.890625 0.08496732026143791 0.10546875
