0 0.5996732026143791 0.2314453125 0.09477124183006536 0.123046875
0 0.5833333333333334 0.330078125 0.08823529411764706 0.10546875
0 0.5702614379084967 0.4248046875 0.10130718954248366 0.107421875
0 0.8627450980392157 0.2744140625 0.08496732026143791 0.119140625
0 0.8259803921568628 0.3623046875 0.10294117647058824 0.115234375
0 0.7540849673202614 0.3994140625 0.07352941176470588 0.083984375
0 0.7426470588235294 0.455078125 0.07026143790849673 0.078125
0 0.6748366013071896 0.5263671875 0.09477124183006536 0.119140625
0 0.6691176470588236 0.609375 0.10294117647058824 0.1015625
0 0.8897058823529412 0.6337890625 0.06699346405228758 0.099609375
0 0.8341503267973857 0.6533203125 0.07679738562091504 0.119140625
0 0.8014705882352942 0.6845703125 0.08006535947712419 0.111328125
0 0.8382352941176471 0.7685546875 0.10130718954248366 0.126953125
0 0.940359477124183 0.720703125 0.09313725490196079 0.13671875
