0 0.10620915032679738 0.34765625 0.07516339869281045 0.078125
0 0.06045751633986928 0.4931640625 0.08823529411764706 0.095703125
0 0.028594771241830068 0.587890625 0.05392156862745098 0.1015625
0 0.16176470588235295 0.5673828125 0.08823529411764706 0.107421875
0 0.1895424836601307 0.5224609375 0.05555555555555556 0.064453125
0 0.29820261437908496 0.7109375 0.08986928104575163 0.1171875
0 0.3366013071895425 0.64453125 0.06535947712418301 0.0859375
0 0.428921568627451 0.3173828125 0.06699346405228758 0.064453125
0 0.434640522875817 0.2568359375 0.058823529411764705 0.056640625
0 0.5155228758169935 0.169921875 0.04411764705882353 0.05859375
0 0.5392156862745098 0.4921875 0.09150326797385622 0.10546875
0 0.667483660130719 0.4853515625 0.08333333333333334 0.111328125
0 0.6429738562091504 0.771484375 0.07679738562091504 0.109375
0 0.5841503267973857 0.826171875 0.07026143790849673 0.09375
0 0.5089869281045751 0.9228515625 0.07679738562091504 0.103515625
0 0.5612745098039216 0.95703125 0.08006535947712419 0.08203125
0 0.6887254901960784 0.8310546875 0.06372549019607843 0.095703125
0 0.6380718954248367 0.8671875 0.06372549019607843 0.08203125
0 0.7377450980392157 0.318359375 0.07026143790849673 0.0625
0 0.7916666666666667 0.2900390625 0.08333333333333334 0.107421875
0 0.9183006535947713 0.1650390625 0.0784313725490196 0.111328125
0 0.829248366013072 0.8359375 0.08333333333333334 0.109375
0 0.8251633986928105 0.888671875 0.10130718954248366 0.09765625
0 0.7663398692810458 0.943359375 0.11437908496732027 0.10546875
0 0.9109477124183006 0.951171875 0.09313725490196079 0.09765625
