0 0.09150326797385622 0.5673828125 0.07516339869281045 0.095703125
0 0.4109477124183007 0.37890625 0.06045751633986928 0.06640625
0 0.5032679738562091 0.849609375 0.09150326797385622 0.10546875
0 0.6633986928104575 0.8828125 0.08496732026143791 0.09765625
0 0.8970588235294118 0.5322265625 0.08169934640522876 0.099609375
0 0.9191176470588236 0.408203125 0.08333333333333334 0.109375
0 0.948529411764706 0.3388671875 0.07026143790849673 0.087890625
0 0.9705882352941176 0.267578125 0.058823529411764705 0.10546875
0 0.5964052287581699 0.1357421875 0.058823529411764705 0.068359375
0 0.8227124183006537 0.19140625 0.07352941176470588 0.09765625
0 0.8782679738562091 0.1630859375 0.06045751633986928 0.080078125
