0 0.1503267973856209 0.0439453125 0.08169934640522876 0.083984375
0 0.13970588235294118 0.49609375 0.06372549019607843 0.0859375
0 0.08741830065359478 0.5361328125 0.07352941176470588 0.115234375
0 0.1053921568627451 0.5751953125 0.08006535947712419 0.103515625
0 0.13071895424836602 0.7177734375 0.09150326797385622 0.130859375
0 0.09803921568627451 0.826171875 0.09477124183006536 0.12890625
0 0.2900326797385621 0.8564453125 0.09640522875816994 0.123046875
0 0.2777777777777778 0.9658203125 0.05228758169934641 0.068359375
0 0.5326797385620915 0.2216796875 0.09150326797385622 0.123046875
0 0.573529411764706 0.1875 0.11111111111111112 0.14453125
0 0.6151960784313726 0.1953125 0.06372549019607843 0.12890625
0 0.6454248366013072 0.349609375 0.08496732026143791 0.109375
0 0.39542483660130723 0.630859375 0.08823529411764706 0.11328125
0 0.5277777777777778 0.4658203125 0.06535947712418301 0.091796875
0 0.5588235294117647 0.5009765625 0.08169934640522876 0.119140625
0 0.9321895424836601 0.0654296875 0.08660130718954248 0.095703125
0 0.9714052287581699 0.0380859375 0.057189542483660136 0.072265625
0 0.9779411764705883 0.1259765625 0.03758169934640523 0.099609375
0 0.9722222222222222 0.3037109375 0.05555555555555556 0.087890625
0 0.9027777777777778 0.55859375 0.08006535947712419 0.1171875
0 0.9550653594771242 0.63671875 0.08986928104575163 0.125
0 0.7508169934640523 0.5888671875 0.05065359477124183 0.103515625
0 0.8406862745098039 0.712890625 0.08006535947712419 0.09765625
0 0.8790849673202614 0.7763671875 0.08169934640522876 0.107421875
0 0.9697712418300654 0.80859375 0.06045751633986928 0.109375
0 0.8178104575163399 0.7978515625 0.10620915032679738 0.119140625
0 0.7745098039215687 0.7705078125 0.04575163398692811 0.060546875
0 0.738562091503268 0.818359375 0.07516339869281045 0.109375
0 0.5228758169934641 0.9453125 0.05228758169934641 0.07421875
0 0.488562091503268 0.9599609375 0.04575163398692811 0.064453125
