0 0.14297385620915032 0.822265625 0.07352941176470588 0.09375
0 0.1854575163398693 0.7978515625 0.07352941176470588 0.134765625
0 0.25163398692810457 0.796875 0.08169934640522876 0.11328125
0 0.33169934640522875 0.7265625 0.08496732026143791 0.109375
0 0.3292483660130719 0.783203125 0.05392156862745098 0.0625
0 0.3643790849673203 0.7958984375 0.07189542483660132 0.095703125
0 0.369281045751634 0.5009765625 0.06862745098039216 0.099609375
0 0.5743464052287582 0.486328125 0.08333333333333334 0.109375
0 0.5939542483660131 0.5400390625 0.07352941176470588 0.091796875
0 0.667483660130719 0.8154296875 0.08986928104575163 0.115234375
0 0.8194444444444444 0.6884765625 0.08006535947712419 0.099609375
