0 0.3831699346405229 0.6171875 0.10620915032679738 0.12890625
0 0.4256535947712418 0.154296875 0.08006535947712419 0.08984375
0 0.4607843137254902 0.0859375 0.07516339869281045 0.08984375
0 0.4428104575163399 0.04296875 0.08169934640522876 0.08203125
0 0.7802287581699346 0.4921875 0.09640522875816994 0.125
0 0.6928104575163399 0.5078125 0.09477124183006536 0.1328125
0 0.7434640522875817 0.57421875 0.09477124183006536 0.1328125
0 0.6854575163398693 0.6376953125 0.08006535947712419 0.107421875
0 0.6217320261437909 0.6826171875 0.09313725490196079 0.146484375
0 0.7900326797385621 0.671875 0.07679738562091504 0.1171875
0 0.863562091503268 0.6708984375 0.09313725490196079 0.130859375
0 0.7720588235294118 0.8525390625 0.08333333333333334 0.130859375
0 0.6952614379084967 0.748046875 0.09967320261437909 0.1328125
0 0.7083333333333334 0.9140625 0.09967320261437909 0.11328125
0 0.9019607843137255 0.8095703125 0.07516339869281045 0.080078125
0 0.8799019607843137 0.9453125 0.09313725490196079 0.109375
