0 0.23202614379084968 0.0654296875 0.0784313725490196 0.087890625
0 0.1650326797385621 0.064453125 0.07189542483660132 0.0703125
0 0.20261437908496732 0.1083984375 0.06209150326797386 0.091796875
0 0.07352941176470588 0.2763671875 0.06209150326797386 0.103515625
0 0.12254901960784315 0.3193359375 0.08169934640522876 0.091796875
0 0.12663398692810457 0.3740234375 0.07352941176470588 0.076171875
0 0.14379084967320263 0.4140625 0.06209150326797386 0.078125
0 0.46405228758169936 0.6669921875 0.08496732026143791 0.095703125
0 0.4493464052287582 0.748046875 0.06862745098039216 0.078125
0 0.5 0.7412109375 0.0784313725490196 0.099609375
0 0.5449346405228759 0.70703125 0.09313725490196079 0.1171875
0 0.9591503267973857 0.345703125 0.08169934640522876 0.12109375
0 0.9093137254901961 0.6298828125 0.08986928104575163 0.111328125
0 0.8815359477124183 0.685546875 0.07352941176470588 0.09375
0 0.8080065359477124 0.67578125 0.08660130718954248 0.1015625
0 0.704248366013072 0.7392578125 0.10784313725490197 0.119140625
0 0.75 0.8603515625 0.11111111111111112 0.126953125
