0 0.10866013071895425 0.103515625 0.06699346405228758 0.0859375
0 0.1707516339869281 0.12109375 0.07026143790849673 0.08984375
0 0.1519607843137255 0.171875 0.06862745098039216 0.08984375
0 0.22303921568627452 0.2294921875 0.07026143790849673 0.087890625
0 0.5163398692810458 0.3681640625 0.08496732026143791 0.119140625
0 0.6299019607843137 0.4033203125 0.07352941176470588 0.119140625
0 0.5334967320261438 0.4638671875 0.08333333333333334 0.095703125
0 0.5939542483660131 0.498046875 0.08006535947712419 0.11328125
0 0.6535947712418301 0.5732421875 0.07516339869281045 0.123046875
0 0.5498366013071896 0.5908203125 0.09967320261437909 0.130859375
0 0.7998366013071896 0.5302734375 0.10620915032679738 0.154296875
0 0.8864379084967321 0.421875 0.11274509803921569 0.12890625
