0 0.11274509803921569 0.2861328125 0.0784313725490196 0.103515625
0 0.04166666666666667 0.669921875 0.08006535947712419 0.109375
0 0.035130718954248366 0.79296875 0.06699346405228758 0.12109375
0 0.4607843137254902 0.4501953125 0.08496732026143791 0.119140625
0 0.41013071895424835 0.7060546875 0.08496732026143791 0.103515625
0 0.42320261437908496 0.7763671875 0.09150326797385622 0.107421875
0 0.2679738562091503 0.9013671875 0.06862745098039216 0.083984375
0 0.41421568627450983 0.9716796875 0.05065359477124183 0.056640625
0 0.4714052287581699 0.9638671875 0.04738562091503268 0.064453125
0 0.5130718954248367 0.5322265625 0.07516339869281045 0.107421875
0 0.5302287581699346 0.43359375 0.06699346405228758 0.12109375
0 0.5882352941176471 0.4287109375 0.08169934640522876 0.115234375
0 0.5645424836601307 0.52734375 0.08333333333333334 0.12109375
0 0.8031045751633987 0.6806640625 0.05392156862745098 0.076171875
0 0.9795751633986929 0.724609375 0.04084967320261438 0.07421875
0 0.9763071895424837 0.8623046875 0.04738562091503268 0.080078125
0 0.7598039215686275 0.3583984375 0.07189542483660132 0.095703125
0 0.7066993464052288 0.4541015625 0.03758169934640523 0.076171875
0 0.7369281045751634 0.4423828125 0.06209150326797386 0.080078125
0 0.9395424836601307 0.1357421875 0.08169934640522876 0.123046875
0 0.7156862745098039 0.1142578125 0.05228758169934641 0.076171875
