0 0.04493464052287582 0.6416015625 0.06372549019607843 0.095703125
0 0.45996732026143794 0.3349609375 0.08006535947712419 0.115234375
0 0.39215686274509803 0.5205078125 0.06535947712418301 0.080078125
0 0.5612745098039216 0.6845703125 0.08660130718954248 0.126953125
0 0.8602941176470589 0.24609375 0.09313725490196079 0.109375
0 0.9534313725490197 0.224609375 0.08006535947712419 0.09765625
0 0.8341503267973857 0.4609375 0.07679738562091504 0.1171875
0 0.6723856209150327 0.595703125 0.08986928104575163 0.12109375
0 0.6405228758169935 0.7294921875 0.0784313725490196 0.115234375
0 0.917483660130719 0.5458984375 0.07352941176470588 0.119140625
0 0.9656862745098039 0.623046875 0.06862745098039216 0.1171875
0 0.8129084967320261 0.66796875 0.06699346405228758 0.0859375
0 0.8905228758169935 0.7236328125 0.09150326797385622 0.111328125
0 0.7973856209150327 0.7412109375 0.09477124183006536 0.111328125
0 0.8684640522875817 0.8837890625 0.07679738562091504 0.095703125
0 0.7973856209150327 0.91015625 0.06209150326797386 0.09375
0 0.4256535947712418 0.42578125 0.05065359477124183 0.078125
0 0.24673202614379086 0.84765625 0.058823529411764705 0.06640625
0 0.3243464052287582 0.830078125 0.04084967320261438 0.06640625
0 0.3504901960784314 0.80859375 0.04411764705882353 0.0625
0 0.38071895424836605 0.791015625 0.04575163398692811 0.0703125
0 0.4109477124183007 0.7939453125 0.04411764705882353 0.060546875
0 0.43790849673202614 0.8203125 0.042483660130718956 0.0625
