0 0.03022875816993464 0.794921875 0.057189542483660136 0.1171875
0 0.07189542483660132 0.615234375 0.08496732026143791 0.11328125
0 0.16176470588235295 0.7001953125 0.0784313725490196 0.087890625
0 0.2900326797385621 0.587890625 0.06045751633986928 0.08203125
0 0.3758169934640523 0.3876953125 0.06209150326797386 0.087890625
0 0.40931372549019607 0.31640625 0.057189542483660136 0.08984375
0 0.47303921568627455 0.259765625 0.06045751633986928 0.08984375
0 0.4673202614379085 0.091796875 0.06535947712418301 0.0859375
0 0.6756535947712419 0.4404296875 0.06045751633986928 0.083984375
0 0.8014705882352942 0.3857421875 0.06699346405228758 0.076171875
0 0.8398692810457516 0.4326171875 0.06535947712418301 0.080078125
0 0.8333333333333334 0.2763671875 0.07189542483660132 0.087890625
0 0.9125816993464052 0.21484375 0.07352941176470588 0.09765625
