0 0.18382352941176472 0.263671875 0.05392156862745098 0.09375
0 0.46405228758169936 0.4990234375 0.0784313725490196 0.103515625
0 0.6339869281045751 0.2939453125 0.06862745098039216 0.087890625
0 0.5906862745098039 0.14453125 0.06045751633986928 0.07421875
0 0.755718954248366 0.822265625 0.05392156862745098 0.08984375
0 0.8063725490196079 0.7119140625 0.06045751633986928 0.099609375
0 0.954248366013072 0.27734375 0.04575163398692811 0.08984375
0 0.9714052287581699 0.2958984375 0.057189542483660136 0.099609375
0 0.2099673202614379 0.669921875 0.057189542483660136 0.078125
0 0.2099673202614379 0.7197265625 0.05392156862745098 0.056640625
