0 0.25571895424836605 0.5107421875 0.07026143790849673 0.103515625
0 0.35947712418300654 0.5361328125 0.06862745098039216 0.087890625
0 0.29411764705882354 0.5908203125 0.07189542483660132 0.091796875
0 0.2434640522875817 0.623046875 0.06209150326797386 0.078125
0 0.1968954248366013 0.5908203125 0.05065359477124183 0.068359375
0 0.17892156862745098 0.796875 0.08986928104575163 0.109375
0 0.2181372549019608 0.8388671875 0.07352941176470588 0.083984375
0 0.09313725490196079 0.84375 0.06535947712418301 0.08203125
0 0.12908496732026145 0.8935546875 0.0784313725490196 0.099609375
0 0.0661764705882353 0.943359375 0.06699346405228758 0.07421875
0 0.4934640522875817 0.8603515625 0.0784313725490196 0.099609375
0 0.5645424836601307 0.869140625 0.07352941176470588 0.08203125
0 0.565359477124183 0.9609375 0.07189542483660132 0.078125
0 0.6633986928104575 0.87890625 0.07516339869281045 0.08984375
0 0.6372549019607844 0.9208984375 0.06862745098039216 0.080078125
0 0.696078431372549 0.8984375 0.06209150326797386 0.0703125
0 0.815359477124183 0.83984375 0.06535947712418301 0.07421875
0 0.7532679738562091 0.73828125 0.07189542483660132 0.078125
0 0.7181372549019608 0.740234375 0.04084967320261438 0.08203125
