0 0.19607843137254902 0.197265625 0.0784313725490196 0.09375
0 0.37173202614379086 0.158203125 0.06372549019607843 0.09375
0 0.09885620915032681 0.3515625 0.05065359477124183 0.109375
0 0.12908496732026145 0.4345703125 0.09150326797385622 0.115234375
0 0.08088235294117647 0.802734375 0.06699346405228758 0.08203125
0 0.428921568627451 0.892578125 0.08986928104575163 0.09375
0 0.7483660130718954 0.0771484375 0.07516339869281045 0.095703125
0 0.8137254901960784 0.1396484375 0.0784313725490196 0.095703125
0 0.6290849673202614 0.8623046875 0.07516339869281045 0.107421875
0 0.690359477124183 0.8505859375 0.07679738562091504 0.107421875
0 0.9068627450980392 0.90625 0.07189542483660132 0.0859375
0 0.7851307189542484 0.9580078125 0.07026143790849673 0.083984375
0 0.9746732026143791 0.5458984375 0.05065359477124183 0.072265625
