0 0.43137254901960786 0.2138671875 0.07189542483660132 0.087890625
0 0.28022875816993464 0.1171875 0.06372549019607843 0.06640625
0 0.6111111111111112 0.10546875 0.08169934640522876 0.0859375
0 0.869281045751634 0.12890625 0.06862745098039216 0.09375
0 0.9722222222222222 0.3134765625 0.05555555555555556 0.091796875
0 0.14052287581699346 0.76953125 0.06209150326797386 0.09375
0 0.4575163398692811 0.66015625 0.06862745098039216 0.08203125
0 0.46486928104575165 0.740234375 0.057189542483660136 0.078125
0 0.5089869281045751 0.736328125 0.05392156862745098 0.0703125
0 0.5441176470588236 0.7255859375 0.058823529411764705 0.083984375
0 0.5277777777777778 0.603515625 0.05228758169934641 0.078125
0 0.5547385620915033 0.6240234375 0.057189542483660136 0.099609375
0 0.5915032679738562 0.5869140625 0.058823529411764705 0.076171875
0 0.5923202614379085 0.5283203125 0.08986928104575163 0.103515625
0 0.7083333333333334 0.6181640625 0.06699346405228758 0.048828125
0 0.6127450980392157 0.7236328125 0.049019607843137254 0.072265625
0 0.607843137254902 0.7734375 0.08496732026143791 0.08984375
0 0.6372549019607844 0.7958984375 0.06535947712418301 0.080078125
0 0.5874183006535948 0.826171875 0.04738562091503268 0.0546875
0 0.5400326797385621 0.865234375 0.06699346405228758 0.08984375
0 0.6094771241830066 0.8447265625 0.05555555555555556 0.068359375
