0 0.6102941176470589 0.0859375 0.07679738562091504 0.109375
0 0.32026143790849676 0.0419921875 0.06862745098039216 0.080078125
0 0.39133986928104575 0.3427734375 0.07352941176470588 0.111328125
0 0.6527777777777778 0.328125 0.07352941176470588 0.1015625
0 0.7140522875816994 0.3310546875 0.06862745098039216 0.107421875
0 0.7287581699346406 0.46484375 0.08496732026143791 0.10546875
0 0.22630718954248366 0.4287109375 0.05392156862745098 0.068359375
0 0.35294117647058826 0.708984375 0.0784313725490196 0.109375
0 0.25245098039215685 0.7529296875 0.057189542483660136 0.080078125
0 0.022058823529411766 0.623046875 0.04084967320261438 0.09765625
0 0.0661764705882353 0.796875 0.057189542483660136 0.0703125
0 0.16748366013071897 0.7734375 0.07026143790849673 0.09375
0 0.13643790849673204 0.8291015625 0.07026143790849673 0.091796875
0 0.5751633986928105 0.865234375 0.0784313725490196 0.11328125
0 0.6797385620915033 0.8359375 0.06535947712418301 0.09765625
0 0.7573529411764706 0.7578125 0.05065359477124183 0.078125
