0 0.13071895424836602 0.4833984375 0.0784313725490196 0.115234375
0 0.14297385620915032 0.8779296875 0.05065359477124183 0.068359375
0 0.17973856209150327 0.869140625 0.04575163398692811 0.06640625
0 0.2361111111111111 0.7568359375 0.05065359477124183 0.064453125
0 0.40931372549019607 0.6259765625 0.04411764705882353 0.064453125
0 0.3619281045751634 0.662109375 0.11274509803921569 0.13671875
0 0.3611111111111111 0.9306640625 0.10457516339869281 0.138671875
0 0.982843137254902 0.837890625 0.03431372549019608 0.0859375
0 0.6127450980392157 0.3173828125 0.09477124183006536 0.130859375
0 0.9109477124183006 0.4150390625 0.08006535947712419 0.103515625
