0 0.7230392156862745 0.0322265625 0.09313725490196079 0.060546875
0 0.7222222222222222 0.099609375 0.07516339869281045 0.1015625
0 0.4297385620915033 0.5029296875 0.09150326797385622 0.126953125
0 0.3872549019607843 0.5791015625 0.08823529411764706 0.099609375
0 0.7957516339869282 0.53515625 0.07189542483660132 0.09765625
0 0.7671568627450981 0.572265625 0.07679738562091504 0.1015625
0 0.9697712418300654 0.6220703125 0.057189542483660136 0.099609375
0 0.9248366013071896 0.625 0.042483660130718956 0.07421875
0 0.9330065359477124 0.7705078125 0.06862745098039216 0.123046875
0 0.7598039215686275 0.681640625 0.049019607843137254 0.08203125
0 0.792483660130719 0.732421875 0.049019607843137254 0.07421875
0 0.7761437908496732 0.7451171875 0.049019607843137254 0.068359375
0 0.5808823529411765 0.7861328125 0.07679738562091504 0.099609375
0 0.5359477124183006 0.8251953125 0.08169934640522876 0.103515625
0 0.6176470588235294 0.8662109375 0.06535947712418301 0.103515625
0 0.5857843137254902 0.888671875 0.06372549019607843 0.10546875
