0 0.3178104575163399 0.0927734375 0.07352941176470588 0.115234375
0 0.12990196078431374 0.2783203125 0.08986928104575163 0.134765625
0 0.16584967320261437 0.193359375 0.07679738562091504 0.08984375
0 0.19607843137254902 0.28125 0.07189542483660132 0.12890625
0 0.18382352941176472 0.4658203125 0.08986928104575163 0.154296875
0 0.12173202614379085 0.7685546875 0.08006535947712419 0.134765625
0 0.04738562091503268 0.7900390625 0.08169934640522876 0.154296875
0 0.09885620915032681 0.888671875 0.09313725490196079 0.12109375
0 0.42728758169934644 0.1298828125 0.06699346405228758 0.103515625
0 0.4387254901960784 0.2431640625 0.07352941176470588 0.107421875
0 0.47385620915032683 0.1865234375 0.08169934640522876 0.107421875
0 0.49836601307189543 0.2412109375 0.06862745098039216 0.095703125
0 0.5375816993464052 0.3037109375 0.07516339869281045 0.115234375
