0 0.01715686274509804 0.4501953125 0.03104575163398693 0.072265625
0 0.12826797385620917 0.51171875 0.06699346405228758 0.07421875
0 0.11029411764705882 0.5595703125 0.05392156862745098 0.072265625
0 0.22140522875816995 0.5048828125 0.05392156862745098 0.064453125
0 0.27941176470588236 0.4921875 0.058823529411764705 0.0703125
0 0.26715686274509803 0.56640625 0.06699346405228758 0.08203125
0 0.32189542483660133 0.5859375 0.08169934640522876 0.08984375
0 0.3553921568627451 0.6513671875 0.08006535947712419 0.087890625
0 0.37745098039215685 0.505859375 0.07189542483660132 0.09375
0 0.49836601307189543 0.63671875 0.08496732026143791 0.1015625
0 0.607843137254902 0.6708984375 0.08823529411764706 0.091796875
0 0.4477124183006536 0.095703125 0.07189542483660132 0.08203125
0 0.4754901960784314 0.18359375 0.07516339869281045 0.08203125
0 0.5759803921568628 0.083984375 0.08333333333333334 0.08984375
0 0.6748366013071896 0.07421875 0.08496732026143791 0.09765625
0 0.5767973856209151 0.17578125 0.05555555555555556 0.078125
0 0.9599673202614379 0.416015625 0.08006535947712419 0.1015625
0 0.940359477124183 0.193359375 0.08986928104575163 0.11328125
0 0.9566993464052288 0.09765625 0.08660130718954248 0.1015625
