0 0.3161764705882353 0.12109375 0.06045751633986928 0.08203125
0 0.3651960784313726 0.115234375 0.07026143790849673 0.07421875
0 0.3839869281045752 0.1669921875 0.08169934640522876 0.076171875
0 0.440359477124183 0.0693359375 0.04411764705882353 0.068359375
0 0.13071895424836602 0.34375 0.09803921568627451 0.09375
0 0.14460784313725492 0.390625 0.09313725490196079 0.10546875
0 0.18137254901960784 0.4521484375 0.09803921568627451 0.099609375
0 0.542483660130719 0.4375 0.09150326797385622 0.12109375
0 0.4223856209150327 0.2509765625 0.07352941176470588 0.083984375
0 0.6241830065359477 0.431640625 0.08169934640522876 0.1015625
0 0.4035947712418301 0.845703125 0.08823529411764706 0.1171875
0 0.47303921568627455 0.7958984375 0.08333333333333334 0.099609375
0 0.5073529411764706 0.84765625 0.09967320261437909 0.11328125
0 0.5261437908496732 0.958984375 0.10130718954248366 0.08203125
0 0.9060457516339869 0.296875 0.09640522875816994 0.125
0 0.8570261437908497 0.3984375 0.12581699346405228 0.140625
0 0.8398692810457516 0.5146484375 0.09803921568627451 0.138671875
0 0.9665032679738562 0.478515625 0.06372549019607843 0.10546875
0 0.9803921568627452 0.548828125 0.0392156862745098 0.12109375
0 0.9264705882352942 0.7265625 0.08169934640522876 0.1015625
0 0.8709150326797386 0.783203125 0.07189542483660132 0.1015625
0 0.8488562091503268 0.7744140625 0.06372549019607843 0.103515625
0 0.6045751633986929 0.6875 0.042483660130718956 0.05859375
0 0.6748366013071896 0.6708984375 0.04575163398692811 0.068359375
0 0.6936274509803921 0.71484375 0.04084967320261438 0.05859375
0 0.7156862745098039 0.6591796875 0.05228758169934641 0.072265625
0 0.7606209150326798 0.630859375 0.05065359477124183 0.06640625
0 0.7883986928104575 0.6376953125 0.04411764705882353 0.068359375
0 0.9714052287581699 0.048828125 0.057189542483660136 0.08984375
0 0.4019607843137255 0.076171875 0.049019607843137254 0.0703125
