0 0.13071895424836602 0.291015625 0.06535947712418301 0.09375
0 0.3284313725490196 0.390625 0.06535947712418301 0.08984375
0 0.2965686274509804 0.50390625 0.06372549019607843 0.09375
0 0.2630718954248366 0.533203125 0.05555555555555556 0.09375
0 0.19526143790849673 0.5625 0.05392156862745098 0.078125
0 0.2303921568627451 0.6103515625 0.06535947712418301 0.080078125
0 0.4665032679738562 0.7802734375 0.05065359477124183 0.080078125
0 0.42483660130718953 0.7998046875 0.049019607843137254 0.072265625
0 0.34068627450980393 0.7763671875 0.057189542483660136 0.056640625
0 0.27941176470588236 0.837890625 0.058823529411764705 0.0859375
0 0.18382352941176472 0.9384765625 0.07679738562091504 0.095703125
0 0.9338235294117647 0.125 0.06372549019607843 0.0859375
0 0.9705882352941176 0.1259765625 0.058823529411764705 0.087890625
0 0.8839869281045752 0.1884765625 0.058823529411764705 0.083984375
0 0.9460784313725491 0.203125 0.058823529411764705 0.08203125
