0 0.3839869281045752 0.4609375 0.10457516339869281 0.12109375
0 0.06699346405228758 0.5888671875 0.06862745098039216 0.080078125
0 0.25 0.626953125 0.08169934640522876 0.1015625
0 0.5163398692810458 0.8056640625 0.0784313725490196 0.091796875
0 0.8374183006535948 0.3388671875 0.06699346405228758 0.091796875
0 0.7973856209150327 0.4755859375 0.09477124183006536 0.111328125
0 0.6568627450980392 0.8310546875 0.0784313725490196 0.099609375
0 0.7214052287581699 0.826171875 0.06045751633986928 0.1015625
0 0.7851307189542484 0.83984375 0.06699346405228758 0.06640625
0 0.06862745098039216 0.8916015625 0.06862745098039216 0.083984375
0 0.05310457516339869 0.7978515625 0.057189542483660136 0.080078125
