0 0.3839869281045752 0.119140625 0.058823529411764705 0.0859375
0 0.04493464052287582 0.705078125 0.06699346405228758 0.0859375
0 0.3562091503267974 0.916015625 0.058823529411764705 0.078125
0 0.39215686274509803 0.7978515625 0.06862745098039216 0.099609375
0 0.4297385620915033 0.83984375 0.06209150326797386 0.0859375
0 0.47794117647058826 0.8154296875 0.06372549019607843 0.095703125
0 0.4493464052287582 0.6064453125 0.08169934640522876 0.099609375
0 0.4436274509803922 0.169921875 0.07352941176470588 0.08984375
0 0.4763071895424837 0.130859375 0.06699346405228758 0.08984375
0 0.8790849673202614 0.1796875 0.06535947712418301 0.08203125
0 0.7949346405228759 0.515625 0.07352941176470588 0.09375
0 0.8390522875816994 0.689453125 0.06699346405228758 0.08203125
0 0.7671568627450981 0.7841796875 0.057189542483660136 0.056640625
0 0.7140522875816994 0.8505859375 0.049019607843137254 0.080078125
0 0.6707516339869282 0.8525390625 0.05392156862745098 0.076171875
0 0.505718954248366 0.9365234375 0.04084967320261438 0.064453125
0 0.8872549019607844 0.857421875 0.0392156862745098 0.0625
0 0.9142156862745099 0.806640625 0.06045751633986928 0.06640625
0 0.9321895424836601 0.87109375 0.05065359477124183 0.08203125
0 0.5604575163398693 0.5048828125 0.05555555555555556 0.087890625
