0 0.22140522875816995 0.109375 0.06699346405228758 0.09765625
0 0.369281045751634 0.099609375 0.058823529411764705 0.1015625
0 0.44526143790849676 0.1796875 0.07352941176470588 0.1015625
0 0.4754901960784314 0.294921875 0.07516339869281045 0.10546875
0 0.1576797385620915 0.3330078125 0.06699346405228758 0.064453125
0 0.2107843137254902 0.3505859375 0.08169934640522876 0.115234375
0 0.16584967320261437 0.4638671875 0.06699346405228758 0.095703125
0 0.1968954248366013 0.5400390625 0.07352941176470588 0.107421875
0 0.2508169934640523 0.59375 0.07679738562091504 0.09375
0 0.26143790849673204 0.6611328125 0.06862745098039216 0.099609375
0 0.2042483660130719 0.6484375 0.0784313725490196 0.10546875
0 0.39542483660130723 0.4990234375 0.06535947712418301 0.099609375
0 0.4035947712418301 0.58203125 0.08169934640522876 0.109375
0 0.15522875816993464 0.8017578125 0.09477124183006536 0.111328125
0 0.15114379084967322 0.8876953125 0.08006535947712419 0.095703125
0 0.3643790849673203 0.857421875 0.09150326797385622 0.10546875
0 0.41013071895424835 0.8583984375 0.05228758169934641 0.099609375
0 0.8643790849673203 0.5771484375 0.06862745098039216 0.099609375
0 0.9428104575163399 0.5439453125 0.07189542483660132 0.115234375
0 0.7851307189542484 0.287109375 0.06045751633986928 0.078125
0 0.5629084967320261 0.1083984375 0.07352941176470588 0.107421875
0 0.6274509803921569 0.109375 0.06862745098039216 0.09765625
0 0.6772875816993464 0.15234375 0.07679738562091504 0.10546875
0 0.8031045751633987 0.1943359375 0.07679738562091504 0.099609375
0 0.8341503267973857 0.107421875 0.06699346405228758 0.09375
0 0.9354575163398693 0.08984375 0.07352941176470588 0.109375
