0 0.39133986928104575 0.5302734375 0.08333333333333334 0.111328125
0 0.2589869281045752 0.6865234375 0.06699346405228758 0.076171875
0 0.22794117647058823 0.8017578125 0.07352941176470588 0.080078125
0 0.3014705882352941 0.9501953125 0.07679738562091504 0.083984375
0 0.32107843137254904 0.3876953125 0.07352941176470588 0.095703125
0 0.411764705882353 0.3271484375 0.07189542483660132 0.095703125
0 0.4901960784313726 0.236328125 0.06209150326797386 0.109375
0 0.553921568627451 0.22265625 0.06209150326797386 0.10546875
0 0.6650326797385621 0.4638671875 0.05555555555555556 0.091796875
0 0.7434640522875817 0.4267578125 0.08169934640522876 0.091796875
0 0.8725490196078431 0.16796875 0.06535947712418301 0.1015625
0 0.940359477124183 0.27734375 0.08333333333333334 0.12109375
0 0.8439542483660131 0.8544921875 0.06699346405228758 0.091796875
