0 0.3651960784313726 0.1943359375 0.09313725490196079 0.130859375
0 0.024509803921568627 0.330078125 0.04575163398692811 0.06640625
0 0.2712418300653595 0.76171875 0.06862745098039216 0.0703125
0 0.2761437908496732 0.7900390625 0.058823529411764705 0.076171875
0 0.12009803921568628 0.71875 0.06045751633986928 0.07421875
0 0.1053921568627451 0.7783203125 0.05392156862745098 0.072265625
0 0.39869281045751637 0.353515625 0.09150326797385622 0.1484375
0 0.5702614379084967 0.572265625 0.06535947712418301 0.08984375
0 0.5179738562091504 0.6298828125 0.058823529411764705 0.076171875
0 0.6364379084967321 0.744140625 0.08333333333333334 0.1171875
0 0.5645424836601307 0.626953125 0.04738562091503268 0.05859375
0 0.6160130718954249 0.4931640625 0.058823529411764705 0.080078125
0 0.7573529411764706 0.4453125 0.09967320261437909 0.1015625
0 0.7598039215686275 0.3818359375 0.07189542483660132 0.072265625
0 0.7549019607843137 0.517578125 0.08169934640522876 0.1015625
0 0.7998366013071896 0.4921875 0.05065359477124183 0.078125
0 0.823529411764706 0.53515625 0.042483660130718956 0.0703125
0 0.8758169934640523 0.525390625 0.09150326797385622 0.1328125
0 0.9207516339869282 0.6748046875 0.04411764705882353 0.064453125
0 0.6290849673202614 0.291015625 0.06862745098039216 0.09375
0 0.7287581699346406 0.3046875 0.06209150326797386 0.08203125
0 0.678921568627451 0.2451171875 0.09313725490196079 0.130859375
0 0.6977124183006537 0.0849609375 0.09803921568627451 0.130859375
0 0.5980392156862745 0.6171875 0.05228758169934641 0.0625
