0 0.24101307189542484 0.037109375 0.06699346405228758 0.0703125
0 0.3300653594771242 0.08203125 0.05228758169934641 0.0703125
0 0.4485294117647059 0.0634765625 0.07352941176470588 0.083984375
0 0.5588235294117647 0.14453125 0.07189542483660132 0.0859375
0 0.5964052287581699 0.19921875 0.08169934640522876 0.08984375
0 0.6323529411764706 0.1435546875 0.06535947712418301 0.072265625
0 0.6895424836601307 0.05859375 0.05555555555555556 0.0859375
0 0.7287581699346406 0.0478515625 0.049019607843137254 0.076171875
0 0.07026143790849673 0.8212890625 0.07189542483660132 0.091796875
0 0.7573529411764706 0.453125 0.07352941176470588 0.10546875
0 0.5678104575163399 0.7099609375 0.07026143790849673 0.111328125
0 0.6241830065359477 0.7021484375 0.058823529411764705 0.099609375
0 0.5784313725490197 0.8173828125 0.0784313725490196 0.095703125
0 0.6519607843137255 0.7744140625 0.07189542483660132 0.103515625
0 0.5751633986928105 0.9072265625 0.07189542483660132 0.099609375
0 0.619281045751634 0.9248046875 0.08496732026143791 0.115234375
