0 0.2034313725490196 0.0419921875 0.05392156862745098 0.068359375
0 0.21895424836601307 0.1591796875 0.05555555555555556 0.076171875
0 0.14297385620915032 0.3369140625 0.04738562091503268 0.076171875
0 0.3137254901960784 0.4853515625 0.05555555555555556 0.068359375
0 0.38480392156862747 0.400390625 0.06372549019607843 0.08203125
0 0.41339869281045755 0.4658203125 0.06209150326797386 0.080078125
0 0.41748366013071897 0.529296875 0.06372549019607843 0.078125
0 0.7361111111111112 0.171875 0.07679738562091504 0.09765625
0 0.7361111111111112 0.44921875 0.057189542483660136 0.07421875
0 0.8071895424836601 0.4599609375 0.07516339869281045 0.095703125
0 0.7720588235294118 0.505859375 0.06699346405228758 0.078125
0 0.8643790849673203 0.50390625 0.05228758169934641 0.0859375
0 0.7965686274509804 0.6572265625 0.06372549019607843 0.087890625
0 0.8480392156862745 0.958984375 0.06209150326797386 0.07421875
0 0.9697712418300654 0.9560546875 0.06045751633986928 0.076171875
