0 0.2434640522875817 0.0576171875 0.06209150326797386 0.072265625
0 0.3137254901960784 0.08984375 0.06862745098039216 0.078125
0 0.03022875816993464 0.4140625 0.057189542483660136 0.0859375
0 0.06045751633986928 0.46484375 0.06535947712418301 0.0859375
0 0.10947712418300654 0.490234375 0.06862745098039216 0.08984375
0 0.10866013071895425 0.65234375 0.07679738562091504 0.09375
0 0.2679738562091503 0.6796875 0.06862745098039216 0.0703125
0 0.30718954248366015 0.8564453125 0.05228758169934641 0.083984375
0 0.38480392156862747 0.888671875 0.06372549019607843 0.08984375
0 0.35947712418300654 0.6943359375 0.08169934640522876 0.091796875
0 0.4428104575163399 0.728515625 0.08169934640522876 0.125
0 0.5008169934640523 0.7470703125 0.07679738562091504 0.111328125
0 0.5359477124183006 0.7421875 0.05555555555555556 0.09375
0 0.5759803921568628 0.8447265625 0.07026143790849673 0.107421875
0 0.6143790849673203 0.8349609375 0.08169934640522876 0.111328125
0 0.6446078431372549 0.47265625 0.08333333333333334 0.1015625
0 0.7205882352941176 0.4375 0.08496732026143791 0.078125
0 0.7214052287581699 0.501953125 0.09967320261437909 0.1015625
0 0.8186274509803921 0.51953125 0.09150326797385622 0.1015625
0 0.755718954248366 0.3115234375 0.08660130718954248 0.119140625
