0 0.22957516339869283 0.3486328125 0.07352941176470588 0.099609375
0 0.29983660130718953 0.3330078125 0.09313725490196079 0.115234375
0 0.31290849673202614 0.509765625 0.11274509803921569 0.1328125
0 0.37745098039215685 0.533203125 0.09150326797385622 0.12109375
0 0.46895424836601307 0.4951171875 0.0784313725490196 0.103515625
0 0.1715686274509804 0.64453125 0.08823529411764706 0.08984375
0 0.16339869281045752 0.740234375 0.08496732026143791 0.10546875
0 0.3292483660130719 0.8125 0.08006535947712419 0.1015625
0 0.26715686274509803 0.87890625 0.08660130718954248 0.09765625
0 0.31699346405228757 0.9150390625 0.08496732026143791 0.103515625
0 0.7859477124183006 0.3056640625 0.0784313725490196 0.080078125
0 0.8382352941176471 0.2939453125 0.06535947712418301 0.087890625
0 0.9632352941176471 0.67578125 0.06372549019607843 0.0859375
