0 0.4223856209150327 0.2431640625 0.09640522875816994 0.107421875
0 0.5163398692810458 0.25 0.06209150326797386 0.0703125
0 0.5269607843137255 0.3857421875 0.08006535947712419 0.107421875
0 0.4852941176470588 0.47265625 0.07516339869281045 0.09375
0 0.4714052287581699 0.572265625 0.08333333333333334 0.10546875
0 0.37663398692810457 0.6259765625 0.08660130718954248 0.107421875
0 0.5269607843137255 0.609375 0.07352941176470588 0.09375
0 0.6870915032679739 0.072265625 0.08333333333333334 0.11328125
0 0.8937908496732027 0.072265625 0.07516339869281045 0.09765625
0 0.8668300653594772 0.2333984375 0.06045751633986928 0.076171875
0 0.9468954248366014 0.40234375 0.08660130718954248 0.11328125
0 0.9419934640522876 0.5029296875 0.08333333333333334 0.115234375
0 0.25163398692810457 0.0205078125 0.08169934640522876 0.037109375
