0 0.032679738562091505 0.5859375 0.05228758169934641 0.07421875
0 0.09885620915032681 0.6328125 0.07026143790849673 0.09375
0 0.06209150326797386 0.681640625 0.06209150326797386 0.0859375
0 0.2818627450980392 0.556640625 0.07026143790849673 0.1015625
0 0.2622549019607843 0.5185546875 0.04738562091503268 0.064453125
0 0.4763071895424837 0.6064453125 0.06372549019607843 0.083984375
0 0.494281045751634 0.638671875 0.057189542483660136 0.078125
0 0.5106209150326797 0.6982421875 0.06045751633986928 0.087890625
0 0.07761437908496732 0.9345703125 0.04411764705882353 0.072265625
0 0.6094771241830066 0.912109375 0.06535947712418301 0.0859375
