0 0.04738562091503268 0.0263671875 0.06535947712418301 0.048828125
0 0.119281045751634 0.2294921875 0.058823529411764705 0.064453125
0 0.16830065359477125 0.240234375 0.05555555555555556 0.05078125
0 0.3880718954248366 0.076171875 0.07026143790849673 0.08203125
0 0.42728758169934644 0.099609375 0.08660130718954248 0.09765625
0 0.6544117647058824 0.12109375 0.08986928104575163 0.10546875
0 0.6454248366013072 0.5078125 0.09150326797385622 0.0859375
0 0.49836601307189543 0.68359375 0.08169934640522876 0.09765625
0 0.5400326797385621 0.765625 0.08333333333333334 0.11328125
0 0.5964052287581699 0.8271484375 0.09150326797385622 0.111328125
0 0.6576797385620915 0.8076171875 0.10294117647058824 0.123046875
0 0.9607843137254902 0.580078125 0.0784313725490196 0.109375
