0 0.059640522875817 0.177734375 0.08006535947712419 0.13671875
0 0.03022875816993464 0.3291015625 0.057189542483660136 0.142578125
0 0.21977124183006536 0.1640625 0.10620915032679738 0.125
0 0.1895424836601307 0.4775390625 0.09477124183006536 0.126953125
0 0.238562091503268 0.755859375 0.07189542483660132 0.09375
0 0.26633986928104575 0.8017578125 0.07189542483660132 0.107421875
0 0.5800653594771242 0.0498046875 0.09150326797385622 0.083984375
0 0.5866013071895425 0.677734375 0.11111111111111112 0.1171875
0 0.5972222222222222 0.7861328125 0.09967320261437909 0.154296875
0 0.7066993464052288 0.6923828125 0.05392156862745098 0.072265625
