0 0.05228758169934641 0.1484375 0.08169934640522876 0.09765625
0 0.049019607843137254 0.2158203125 0.08496732026143791 0.076171875
0 0.08496732026143791 0.3955078125 0.09150326797385622 0.123046875
0 0.19934640522875818 0.2587890625 0.08169934640522876 0.091796875
0 0.2957516339869281 0.9091796875 0.06862745098039216 0.083984375
0 0.4673202614379085 0.8427734375 0.07189542483660132 0.083984375
0 0.3562091503267974 0.44921875 0.07516339869281045 0.08984375
0 0.4166666666666667 0.466796875 0.06862745098039216 0.0859375
0 0.4207516339869281 0.525390625 0.07679738562091504 0.0703125
0 0.4150326797385621 0.3486328125 0.06862745098039216 0.099609375
0 0.43790849673202614 0.3935546875 0.05555555555555556 0.060546875
0 0.47875816993464054 0.365234375 0.06862745098039216 0.08984375
0 0.4665032679738562 0.1982421875 0.08006535947712419 0.087890625
0 0.40604575163398693 0.1708984375 0.06045751633986928 0.080078125
0 0.5645424836601307 0.0732421875 0.07026143790849673 0.095703125
0 0.6617647058823529 0.08984375 0.07189542483660132 0.08203125
0 0.6356209150326798 0.31640625 0.06535947712418301 0.08203125
0 0.5808823529411765 0.3291015625 0.06045751633986928 0.072265625
0 0.5816993464052288 0.4462890625 0.058823529411764705 0.060546875
0 0.5906862745098039 0.369140625 0.057189542483660136 0.0703125
0 0.7230392156862745 0.40625 0.06045751633986928 0.07421875
0 0.7769607843137255 0.3486328125 0.06699346405228758 0.091796875
0 0.8709150326797386 0.3505859375 0.06862745098039216 0.095703125
