0 0.5343137254901961 0.138671875 0.08496732026143791 0.1015625
0 0.6094771241830066 0.41796875 0.10130718954248366 0.11328125
0 0.5400326797385621 0.5341796875 0.08006535947712419 0.095703125
0 0.4681372549019608 0.5859375 0.06372549019607843 0.08203125
0 0.3570261437908497 0.57421875 0.06045751633986928 0.0859375
0 0.32107843137254904 0.6767578125 0.08660130718954248 0.099609375
0 0.13725490196078433 0.77734375 0.0784313725490196 0.1015625
0 0.22222222222222224 0.86328125 0.07189542483660132 0.1015625
0 0.1503267973856209 0.861328125 0.08169934640522876 0.078125
0 0.15604575163398693 0.935546875 0.08333333333333334 0.0859375
0 0.7132352941176471 0.5087890625 0.09967320261437909 0.115234375
0 0.5588235294117647 0.0537109375 0.08496732026143791 0.091796875
0 0.7647058823529412 0.62890625 0.0784313725490196 0.11328125
0 0.7352941176470589 0.7236328125 0.09477124183006536 0.115234375
0 0.8790849673202614 0.6962890625 0.08496732026143791 0.115234375
0 0.8488562091503268 0.8017578125 0.09967320261437909 0.107421875
0 0.9509803921568628 0.671875 0.06209150326797386 0.08984375
0 0.9460784313725491 0.767578125 0.06209150326797386 0.08984375
0 0.9419934640522876 0.8837890625 0.06045751633986928 0.083984375
