0 0.02369281045751634 0.0908203125 0.04084967320261438 0.091796875
0 0.024509803921568627 0.4345703125 0.04575163398692811 0.095703125
0 0.10049019607843138 0.404296875 0.08333333333333334 0.10546875
0 0.11437908496732027 0.5146484375 0.08496732026143791 0.095703125
0 0.18872549019607843 0.421875 0.08006535947712419 0.09765625
0 0.20915032679738563 0.380859375 0.06862745098039216 0.07421875
0 0.2377450980392157 0.3388671875 0.07026143790849673 0.083984375
0 0.43218954248366015 0.048828125 0.07679738562091504 0.08203125
0 0.45669934640522875 0.0419921875 0.06699346405228758 0.080078125
0 0.5196078431372549 0.3330078125 0.08169934640522876 0.083984375
0 0.5032679738562091 0.3984375 0.08823529411764706 0.09375
0 0.4665032679738562 0.4912109375 0.08006535947712419 0.083984375
0 0.3088235294117647 0.55859375 0.06209150326797386 0.078125
0 0.7810457516339869 0.1279296875 0.08496732026143791 0.099609375
0 0.5302287581699346 0.548828125 0.07679738562091504 0.0859375
0 0.571078431372549 0.591796875 0.07352941176470588 0.0859375
0 0.6723856209150327 0.6025390625 0.08006535947712419 0.099609375
0 0.7401960784313726 0.5888671875 0.08823529411764706 0.103515625
0 0.6209150326797386 0.7197265625 0.06535947712418301 0.095703125
0 0.8202614379084967 0.55859375 0.0784313725490196 0.0859375
0 0.8856209150326798 0.5859375 0.08169934640522876 0.109375
0 0.8390522875816994 0.6201171875 0.07352941176470588 0.091796875
0 0.8619281045751634 0.6826171875 0.07679738562091504 0.095703125
0 0.7352941176470589 0.8955078125 0.10130718954248366 0.119140625
0 0.8799019607843137 0.9033203125 0.09313725490196079 0.107421875
