0 0.09967320261437909 0.1982421875 0.08496732026143791 0.107421875
0 0.01797385620915033 0.3935546875 0.032679738562091505 0.076171875
0 0.014705882352941176 0.486328125 0.026143790849673203 0.1171875
0 0.20016339869281047 0.55078125 0.08660130718954248 0.109375
0 0.16339869281045752 0.8212890625 0.058823529411764705 0.103515625
0 0.1895424836601307 0.845703125 0.05555555555555556 0.0859375
0 0.2916666666666667 0.4091796875 0.057189542483660136 0.091796875
0 0.25653594771241833 0.25 0.058823529411764705 0.06640625
0 0.4812091503267974 0.169921875 0.057189542483660136 0.05859375
0 0.3088235294117647 0.318359375 0.05555555555555556 0.09375
0 0.35375816993464054 0.296875 0.057189542483660136 0.0859375
0 0.4893790849673203 0.365234375 0.06699346405228758 0.08203125
0 0.3946078431372549 0.5126953125 0.05065359477124183 0.091796875
0 0.4362745098039216 0.5 0.058823529411764705 0.0859375
0 0.5645424836601307 0.4697265625 0.06045751633986928 0.087890625
