0 0.17401960784313725 0.927734375 0.09640522875816994 0.1171875
0 0.24918300653594772 0.962890625 0.05065359477124183 0.07421875
0 0.39950980392156865 0.6962890625 0.08986928104575163 0.119140625
0 0.4305555555555556 0.8056640625 0.08333333333333334 0.111328125
0 0.4763071895424837 0.9599609375 0.08660130718954248 0.080078125
0 0.5285947712418301 0.9619140625 0.057189542483660136 0.076171875
0 0.6004901960784313 0.9677734375 0.07679738562091504 0.064453125
0 0.5326797385620915 0.8720703125 0.08169934640522876 0.119140625
0 0.6756535947712419 0.86328125 0.07352941176470588 0.09375
0 0.7001633986928105 0.80078125 0.06372549019607843 0.0703125
0 0.6421568627450981 0.744140625 0.07189542483660132 0.11328125
0 0.7099673202614379 0.744140625 0.07679738562091504 0.10546875
0 0.6372549019607844 0.6728515625 0.08823529411764706 0.095703125
0 0.8374183006535948 0.8193359375 0.08006535947712419 0.111328125
0 0.8227124183006537 0.7568359375 0.07026143790849673 0.076171875
0 0.9101307189542484 0.748046875 0.07189542483660132 0.109375
0 0.9665032679738562 0.7216796875 0.06699346405228758 0.107421875
0 0.6372549019607844 0.3125 0.06535947712418301 0.09765625
