0 0.03839869281045752 0.22265625 0.07352941176470588 0.09375
0 0.3276143790849673 0.041015625 0.07679738562091504 0.07421875
0 0.24754901960784315 0.31640625 0.07352941176470588 0.09765625
0 0.4068627450980392 0.40625 0.08496732026143791 0.11328125
0 0.20669934640522877 0.5419921875 0.08986928104575163 0.103515625
0 0.5915032679738562 0.6728515625 0.07189542483660132 0.099609375
0 0.5776143790849674 0.76171875 0.06045751633986928 0.0859375
0 0.33333333333333337 0.798828125 0.06209150326797386 0.07421875
0 0.3055555555555556 0.8271484375 0.04575163398692811 0.060546875
0 0.3300653594771242 0.8896484375 0.06862745098039216 0.076171875
