0 0.28921568627450983 0.3046875 0.10457516339869281 0.1328125
0 0.3937908496732026 0.275390625 0.08496732026143791 0.1171875
0 0.565359477124183 0.328125 0.10130718954248366 0.125
0 0.4616013071895425 0.4677734375 0.09967320261437909 0.130859375
0 0.5334967320261438 0.466796875 0.07026143790849673 0.08203125
0 0.573529411764706 0.5078125 0.09477124183006536 0.12890625
0 0.41748366013071897 0.9375 0.07679738562091504 0.09765625
0 0.7303921568627452 0.90625 0.08169934640522876 0.12109375
0 0.755718954248366 0.400390625 0.08660130718954248 0.12109375
0 0.9550653594771242 0.107421875 0.06699346405228758 0.08984375
0 0.8300653594771242 0.7177734375 0.08823529411764706 0.123046875
0 0.880718954248366 0.77734375 0.08496732026143791 0.12109375
0 0.9640522875816994 0.9326171875 0.07189542483660132 0.126953125
