0 0.18709150326797386 0.673828125 0.06699346405228758 0.0859375
0 0.12254901960784315 0.7578125 0.07516339869281045 0.1015625
0 0.05392156862745098 0.7724609375 0.09477124183006536 0.115234375
0 0.07761437908496732 0.8291015625 0.08006535947712419 0.091796875
0 0.2549019607843137 0.916015625 0.06862745098039216 0.08203125
0 0.3104575163398693 0.908203125 0.06862745098039216 0.0859375
0 0.4223856209150327 0.904296875 0.057189542483660136 0.078125
0 0.5179738562091504 0.87109375 0.06535947712418301 0.078125
0 0.5718954248366013 0.6796875 0.10130718954248366 0.10546875
0 0.5727124183006536 0.759765625 0.09967320261437909 0.1171875
0 0.6127450980392157 0.87890625 0.07189542483660132 0.07421875
0 0.6413398692810458 0.9365234375 0.07026143790849673 0.068359375
0 0.8513071895424836 0.568359375 0.07189542483660132 0.0859375
0 0.9656862745098039 0.7060546875 0.06862745098039216 0.103515625
0 0.8602941176470589 0.7724609375 0.08333333333333334 0.103515625
0 0.948529411764706 0.7822265625 0.057189542483660136 0.087890625
0 0.9673202614379085 0.8447265625 0.06209150326797386 0.095703125
