0 0.3112745098039216 0.0439453125 0.07352941176470588 0.076171875
0 0.184640522875817 0.1328125 0.07516339869281045 0.1015625
0 0.12745098039215685 0.1318359375 0.07189542483660132 0.087890625
0 0.12173202614379085 0.2099609375 0.08333333333333334 0.103515625
0 0.02369281045751634 0.5439453125 0.04411764705882353 0.103515625
0 0.5727124183006536 0.1240234375 0.06045751633986928 0.076171875
0 0.4991830065359477 0.1845703125 0.057189542483660136 0.080078125
0 0.6527777777777778 0.2626953125 0.06699346405228758 0.095703125
0 0.8137254901960784 0.384765625 0.06209150326797386 0.08203125
0 0.673202614379085 0.3642578125 0.0784313725490196 0.095703125
0 0.4901960784313726 0.5126953125 0.058823529411764705 0.072265625
0 0.3758169934640523 0.6630859375 0.06535947712418301 0.080078125
0 0.33415032679738566 0.705078125 0.057189542483660136 0.0703125
0 0.35947712418300654 0.7626953125 0.07189542483660132 0.080078125
0 0.5645424836601307 0.576171875 0.05065359477124183 0.0703125
0 0.6519607843137255 0.560546875 0.05228758169934641 0.078125
0 0.6495098039215687 0.6455078125 0.04411764705882353 0.060546875
0 0.5310457516339869 0.61328125 0.05228758169934641 0.0625
0 0.4150326797385621 0.927734375 0.058823529411764705 0.07421875
0 0.46977124183006536 0.890625 0.057189542483660136 0.0546875
0 0.5220588235294118 0.9111328125 0.04738562091503268 0.060546875
0 0.5416666666666666 0.8896484375 0.05392156862745098 0.068359375
0 0.5767973856209151 0.8662109375 0.04575163398692811 0.064453125
0 0.6364379084967321 0.8701171875 0.05065359477124183 0.068359375
0 0.6723856209150327 0.892578125 0.05065359477124183 0.06640625
