0 0.24754901960784315 0.048828125 0.04411764705882353 0.0625
0 0.286764705882353 0.05078125 0.04411764705882353 0.05859375
0 0.26633986928104575 0.1025390625 0.049019607843137254 0.064453125
0 0.17320261437908496 0.287109375 0.058823529411764705 0.078125
0 0.17401960784313725 0.603515625 0.05392156862745098 0.06640625
0 0.032679738562091505 0.783203125 0.06209150326797386 0.08984375
0 0.05800653594771242 0.763671875 0.057189542483660136 0.0859375
0 0.5106209150326797 0.5205078125 0.057189542483660136 0.072265625
0 0.5964052287581699 0.3662109375 0.07189542483660132 0.091796875
0 0.40604575163398693 0.232421875 0.04411764705882353 0.06640625
0 0.4436274509803922 0.1455078125 0.07352941176470588 0.095703125
0 0.4812091503267974 0.2177734375 0.07352941176470588 0.103515625
0 0.5441176470588236 0.220703125 0.07189542483660132 0.09765625
0 0.744281045751634 0.1748046875 0.07679738562091504 0.115234375
0 0.44689542483660133 0.0302734375 0.07352941176470588 0.056640625
0 0.6151960784313726 0.5419921875 0.08986928104575163 0.119140625
0 0.7900326797385621 0.5263671875 0.057189542483660136 0.087890625
0 0.8276143790849674 0.4111328125 0.08006535947712419 0.099609375
0 0.8880718954248367 0.4853515625 0.07679738562091504 0.111328125
0 0.8382352941176471 0.603515625 0.06209150326797386 0.1015625
0 0.9387254901960784 0.6865234375 0.08333333333333334 0.115234375
0 0.022875816993464054 0.51953125 0.042483660130718956 0.06640625
