0 0.12908496732026145 0.310546875 0.08823529411764706 0.12109375
0 0.18055555555555555 0.107421875 0.08986928104575163 0.0859375
0 0.2647058823529412 0.548828125 0.08496732026143791 0.11328125
0 0.3047385620915033 0.6015625 0.07026143790849673 0.08203125
0 0.3888888888888889 0.4697265625 0.07189542483660132 0.091796875
0 0.4084967320261438 0.5302734375 0.07189542483660132 0.087890625
0 0.4444444444444445 0.4638671875 0.05555555555555556 0.068359375
0 0.4852941176470588 0.4306640625 0.08496732026143791 0.103515625
0 0.21405228758169936 0.880859375 0.09477124183006536 0.109375
0 0.41830065359477125 0.90234375 0.08823529411764706 0.1171875
0 0.5383986928104575 0.8720703125 0.08986928104575163 0.150390625
0 0.5759803921568628 0.7353515625 0.09640522875816994 0.134765625
0 0.7957516339869282 0.4345703125 0.07189542483660132 0.087890625
0 0.9093137254901961 0.4189453125 0.07026143790849673 0.080078125
