0 0.12663398692810457 0.32421875 0.06045751633986928 0.08203125
0 0.22222222222222224 0.7666015625 0.07516339869281045 0.115234375
0 0.5024509803921569 0.345703125 0.08333333333333334 0.12109375
0 0.5694444444444444 0.3076171875 0.07026143790849673 0.095703125
0 0.6151960784313726 0.2109375 0.07026143790849673 0.08984375
0 0.4934640522875817 0.671875 0.06535947712418301 0.11328125
0 0.41830065359477125 0.6572265625 0.09150326797385622 0.123046875
0 0.4109477124183007 0.7900390625 0.08333333333333334 0.123046875
0 0.3929738562091503 0.8876953125 0.07679738562091504 0.099609375
0 0.8488562091503268 0.419921875 0.04411764705882353 0.05859375
