0 0.18218954248366015 0.0703125 0.05065359477124183 0.07421875
0 0.5620915032679739 0.0859375 0.04575163398692811 0.0625
0 0.5449346405228759 0.171875 0.057189542483660136 0.078125
0 0.6650326797385621 0.1337890625 0.042483660130718956 0.064453125
0 0.9509803921568628 0.0712890625 0.058823529411764705 0.080078125
0 0.9436274509803921 0.15625 0.04411764705882353 0.0859375
0 0.9044117647058824 0.17578125 0.06045751633986928 0.078125
0 0.9044117647058824 0.2236328125 0.05065359477124183 0.052734375
0 0.8496732026143791 0.26171875 0.04575163398692811 0.08203125
0 0.928921568627451 0.2705078125 0.05392156862745098 0.068359375
0 0.4991830065359477 0.3623046875 0.06372549019607843 0.083984375
0 0.5408496732026143 0.4375 0.05555555555555556 0.08203125
0 0.5718954248366013 0.484375 0.06209150326797386 0.08203125
0 0.41421568627450983 0.5126953125 0.05392156862745098 0.068359375
0 0.21160130718954248 0.486328125 0.057189542483660136 0.05859375
0 0.16013071895424838 0.5302734375 0.05555555555555556 0.064453125
0 0.2908496732026144 0.607421875 0.07189542483660132 0.09765625
0 0.2826797385620915 0.6669921875 0.07516339869281045 0.095703125
0 0.22549019607843138 0.685546875 0.08169934640522876 0.09765625
0 0.863562091503268 0.68359375 0.07352941176470588 0.11328125
0 0.9166666666666667 0.509765625 0.04575163398692811 0.06640625
