0 0.11601307189542484 0.15234375 0.08823529411764706 0.09375
0 0.17892156862745098 0.408203125 0.09640522875816994 0.140625
0 0.2377450980392157 0.5107421875 0.07026143790849673 0.130859375
0 0.27941176470588236 0.5537109375 0.08496732026143791 0.126953125
0 0.3194444444444445 0.4755859375 0.07352941176470588 0.111328125
0 0.32026143790849676 0.0673828125 0.09803921568627451 0.115234375
0 0.33333333333333337 0.1689453125 0.08823529411764706 0.119140625
0 0.3946078431372549 0.1044921875 0.07352941176470588 0.115234375
0 0.4199346405228758 0.1259765625 0.06209150326797386 0.099609375
0 0.4607843137254902 0.048828125 0.08823529411764706 0.09375
0 0.5457516339869282 0.09375 0.06862745098039216 0.10546875
