0 0.37336601307189543 0.4228515625 0.08006535947712419 0.115234375
0 0.0196078431372549 0.0517578125 0.03594771241830066 0.087890625
0 0.1707516339869281 0.6787109375 0.06372549019607843 0.095703125
0 0.23937908496732027 0.6513671875 0.057189542483660136 0.099609375
0 0.26715686274509803 0.6201171875 0.07352941176470588 0.068359375
0 0.2973856209150327 0.681640625 0.08496732026143791 0.1015625
0 0.3480392156862745 0.64453125 0.05228758169934641 0.0859375
0 0.41748366013071897 0.689453125 0.04738562091503268 0.07421875
0 0.38562091503267976 0.81640625 0.08496732026143791 0.109375
0 0.579248366013072 0.9619140625 0.07352941176470588 0.072265625
