0 0.02369281045751634 0.4541015625 0.04411764705882353 0.103515625
0 0.02696078431372549 0.0439453125 0.05065359477124183 0.083984375
0 0.36683006535947715 0.8447265625 0.08006535947712419 0.111328125
0 0.41421568627450983 0.8896484375 0.08006535947712419 0.095703125
0 0.8169934640522876 0.6826171875 0.09803921568627451 0.138671875
0 0.7826797385620915 0.5380859375 0.09150326797385622 0.126953125
0 0.6527777777777778 0.423828125 0.07352941176470588 0.10546875
0 0.923202614379085 0.431640625 0.08823529411764706 0.12890625
0 0.6266339869281046 0.0615234375 0.08986928104575163 0.107421875
0 0.9754901960784313 0.0654296875 0.049019607843137254 0.087890625
