0 0.2549019607843137 0.2744140625 0.05228758169934641 0.064453125
0 0.23447712418300654 0.3173828125 0.06699346405228758 0.091796875
0 0.15359477124183007 0.3583984375 0.05228758169934641 0.064453125
0 0.03839869281045752 0.484375 0.06045751633986928 0.078125
0 0.1388888888888889 0.599609375 0.06209150326797386 0.0859375
0 0.22222222222222224 0.65234375 0.08496732026143791 0.09765625
0 0.16176470588235295 0.7119140625 0.058823529411764705 0.072265625
0 0.33333333333333337 0.5380859375 0.06862745098039216 0.111328125
0 0.32107843137254904 0.708984375 0.07352941176470588 0.09765625
0 0.3570261437908497 0.744140625 0.057189542483660136 0.08203125
0 0.4607843137254902 0.783203125 0.0784313725490196 0.09375
0 0.4084967320261438 0.470703125 0.08823529411764706 0.09765625
0 0.4068627450980392 0.541015625 0.08823529411764706 0.09765625
0 0.41748366013071897 0.6376953125 0.07352941176470588 0.103515625
0 0.46486928104575165 0.6953125 0.07352941176470588 0.07421875
0 0.45833333333333337 0.6142578125 0.07352941176470588 0.099609375
0 0.46977124183006536 0.4990234375 0.08660130718954248 0.095703125
0 0.47794117647058826 0.419921875 0.06372549019607843 0.08203125
0 0.548202614379085 0.4013671875 0.07352941176470588 0.083984375
0 0.5433006535947713 0.451171875 0.09313725490196079 0.09375
0 0.9640522875816994 0.3330078125 0.07189542483660132 0.111328125
