0 0.03431372549019608 0.5693359375 0.049019607843137254 0.064453125
0 0.10375816993464053 0.6953125 0.04738562091503268 0.078125
0 0.14624183006535948 0.6806640625 0.05392156862745098 0.072265625
0 0.12745098039215685 0.728515625 0.0392156862745098 0.05859375
0 0.23529411764705882 0.4951171875 0.05555555555555556 0.076171875
0 0.21241830065359477 0.767578125 0.042483660130718956 0.0625
0 0.24019607843137256 0.7548828125 0.04575163398692811 0.052734375
0 0.3823529411764706 0.861328125 0.058823529411764705 0.08984375
0 0.4534313725490196 0.65625 0.06372549019607843 0.08984375
0 0.39542483660130723 0.6201171875 0.05228758169934641 0.083984375
0 0.3464052287581699 0.4638671875 0.07516339869281045 0.087890625
0 0.43218954248366015 0.5244140625 0.08986928104575163 0.119140625
0 0.5130718954248367 0.509765625 0.08496732026143791 0.11328125
0 0.5016339869281046 0.5732421875 0.07189542483660132 0.068359375
0 0.579248366013072 0.646484375 0.057189542483660136 0.07421875
0 0.7001633986928105 0.228515625 0.06045751633986928 0.0625
0 0.08496732026143791 0.2255859375 0.09477124183006536 0.119140625
0 0.8651960784313726 0.4833984375 0.07352941176470588 0.095703125
0 0.8570261437908497 0.384765625 0.03758169934640523 0.046875
0 0.9534313725490197 0.255859375 0.05392156862745098 0.0859375
0 0.9207516339869282 0.49609375 0.07026143790849673 0.09375
0 0.8995098039215687 0.5546875 0.057189542483660136 0.0703125
0 0.8488562091503268 0.564453125 0.06699346405228758 0.0859375
0 0.8766339869281046 0.615234375 0.057189542483660136 0.08203125
