0 0.11846405228758171 0.27734375 0.06699346405228758 0.109375
0 0.1650326797385621 0.3271484375 0.08169934640522876 0.126953125
0 0.125 0.4609375 0.07679738562091504 0.09375
0 0.3186274509803922 0.6728515625 0.06535947712418301 0.083984375
0 0.33905228758169936 0.7099609375 0.06699346405228758 0.083984375
0 0.4436274509803922 0.1650390625 0.08006535947712419 0.126953125
0 0.5163398692810458 0.146484375 0.0784313725490196 0.1171875
0 0.4803921568627451 0.353515625 0.08823529411764706 0.12890625
0 0.6446078431372549 0.2041015625 0.08006535947712419 0.107421875
0 0.7116013071895425 0.130859375 0.06372549019607843 0.109375
0 0.7630718954248367 0.169921875 0.06535947712418301 0.0859375
0 0.7949346405228759 0.232421875 0.08660130718954248 0.10546875
0 0.7728758169934641 0.6845703125 0.08823529411764706 0.123046875
0 0.7083333333333334 0.71875 0.08006535947712419 0.10546875
0 0.8913398692810458 0.9609375 0.05065359477124183 0.07421875
