0 0.035130718954248366 0.4228515625 0.06699346405228758 0.142578125
0 0.12254901960784315 0.3994140625 0.08823529411764706 0.134765625
0 0.18627450980392157 0.4736328125 0.058823529411764705 0.087890625
0 0.20915032679738563 0.55078125 0.08823529411764706 0.1015625
0 0.32107843137254904 0.6494140625 0.05065359477124183 0.076171875
0 0.33169934640522875 0.5771484375 0.05228758169934641 0.056640625
0 0.41748366013071897 0.4775390625 0.07026143790849673 0.083984375
0 0.5939542483660131 0.453125 0.08006535947712419 0.08203125
0 0.6633986928104575 0.5849609375 0.058823529411764705 0.076171875
0 0.6266339869281046 0.2841796875 0.08006535947712419 0.111328125
0 0.6633986928104575 0.3857421875 0.09477124183006536 0.107421875
0 0.7148692810457516 0.2998046875 0.07352941176470588 0.130859375
0 0.8194444444444444 0.2861328125 0.08333333333333334 0.119140625
0 0.8496732026143791 0.439453125 0.07189542483660132 0.09765625
0 0.8897058823529412 0.45703125 0.057189542483660136 0.09765625
0 0.9003267973856209 0.3115234375 0.08496732026143791 0.095703125
0 0.9607843137254902 0.251953125 0.0784313725490196 0.09765625
0 0.9330065359477124 0.1650390625 0.09150326797385622 0.115234375
0 0.8880718954248367 0.115234375 0.07679738562091504 0.109375
