0 0.13725490196078433 0.3994140625 0.05228758169934641 0.087890625
0 0.18382352941176472 0.3740234375 0.05392156862745098 0.068359375
0 0.184640522875817 0.4091796875 0.04575163398692811 0.048828125
0 0.6813725490196079 0.044921875 0.03594771241830066 0.0546875
0 0.7320261437908497 0.0966796875 0.04575163398692811 0.076171875
0 0.704248366013072 0.1279296875 0.049019607843137254 0.083984375
0 0.8921568627450981 0.3486328125 0.058823529411764705 0.080078125
0 0.9526143790849674 0.3134765625 0.058823529411764705 0.068359375
0 0.6854575163398693 0.54296875 0.07679738562091504 0.09765625
0 0.3014705882352941 0.1806640625 0.04738562091503268 0.076171875
0 0.13316993464052287 0.599609375 0.04084967320261438 0.06640625
0 0.8006535947712419 0.5595703125 0.042483660130718956 0.072265625
0 0.7834967320261438 0.64453125 0.06045751633986928 0.0859375
0 0.7761437908496732 0.7802734375 0.0784313725490196 0.099609375
0 0.5620915032679739 0.7890625 0.049019607843137254 0.12109375
0 0.5947712418300654 0.7919921875 0.0784313725490196 0.115234375
0 0.6168300653594772 0.84375 0.06372549019607843 0.09375
0 0.9240196078431373 0.8623046875 0.05065359477124183 0.072265625
0 0.9166666666666667 0.9560546875 0.05555555555555556 0.080078125
