0 0.06535947712418301 0.1416015625 0.058823529411764705 0.103515625
0 0.34885620915032683 0.35546875 0.07352941176470588 0.10546875
0 0.315359477124183 0.4287109375 0.0784313725490196 0.107421875
0 0.3014705882352941 0.6259765625 0.07679738562091504 0.119140625
0 0.2361111111111111 0.6416015625 0.08333333333333334 0.126953125
0 0.1380718954248366 0.9638671875 0.08660130718954248 0.072265625
0 0.6176470588235294 0.50390625 0.0784313725490196 0.109375
0 0.6086601307189543 0.244140625 0.05392156862745098 0.0625
0 0.6486928104575164 0.2978515625 0.06862745098039216 0.099609375
0 0.5049019607843137 0.9013671875 0.0784313725490196 0.123046875
0 0.571078431372549 0.9130859375 0.07026143790849673 0.115234375
0 0.5155228758169935 0.978515625 0.07352941176470588 0.04296875
0 0.9820261437908497 0.3876953125 0.03594771241830066 0.072265625
0 0.9256535947712419 0.29296875 0.04738562091503268 0.05859375
