0 0.2638888888888889 0.1376953125 0.07352941176470588 0.103515625
0 0.24183006535947713 0.2275390625 0.05555555555555556 0.076171875
0 0.08986928104575163 0.3017578125 0.07189542483660132 0.087890625
0 0.05147058823529412 0.4599609375 0.04738562091503268 0.072265625
0 0.026143790849673203 0.5439453125 0.049019607843137254 0.083984375
0 0.049019607843137254 0.6005859375 0.06209150326797386 0.083984375
0 0.05392156862745098 0.71875 0.08169934640522876 0.10546875
0 0.09885620915032681 0.603515625 0.06045751633986928 0.07421875
0 0.25245098039215685 0.5966796875 0.05065359477124183 0.083984375
0 0.4158496732026144 0.7001953125 0.07352941176470588 0.095703125
0 0.4616013071895425 0.771484375 0.08333333333333334 0.10546875
0 0.5808823529411765 0.41796875 0.08006535947712419 0.09765625
0 0.35375816993464054 0.3486328125 0.05392156862745098 0.087890625
0 0.505718954248366 0.138671875 0.05065359477124183 0.0625
0 0.613562091503268 0.521484375 0.08006535947712419 0.1015625
0 0.33088235294117646 0.158203125 0.07026143790849673 0.08984375
0 0.36601307189542487 0.1494140625 0.058823529411764705 0.083984375
