0 0.11601307189542484 0.1845703125 0.0784313725490196 0.087890625
0 0.17238562091503268 0.1923828125 0.06045751633986928 0.087890625
0 0.3366013071895425 0.0634765625 0.08169934640522876 0.095703125
0 0.3570261437908497 0.083984375 0.04738562091503268 0.05859375
0 0.3374183006535948 0.5107421875 0.06372549019607843 0.087890625
0 0.5441176470588236 0.4599609375 0.049019607843137254 0.064453125
0 0.09640522875816994 0.701171875 0.04575163398692811 0.09375
0 0.056372549019607844 0.798828125 0.06045751633986928 0.1015625
0 0.10294117647058824 0.7890625 0.049019607843137254 0.07421875
0 0.1388888888888889 0.720703125 0.06209150326797386 0.0859375
0 0.1503267973856209 0.7978515625 0.06862745098039216 0.087890625
0 0.11683006535947713 0.865234375 0.07679738562091504 0.1015625
0 0.27532679738562094 0.6884765625 0.04411764705882353 0.060546875
0 0.25 0.69140625 0.032679738562091505 0.0546875
0 0.2540849673202614 0.7353515625 0.03758169934640523 0.052734375
0 0.39133986928104575 0.8203125 0.03758169934640523 0.07421875
0 0.43137254901960786 0.8203125 0.042483660130718956 0.0625
0 0.49101307189542487 0.798828125 0.04084967320261438 0.0625
0 0.5236928104575164 0.7900390625 0.05392156862745098 0.056640625
