0 0.0923202614379085 0.462890625 0.057189542483660136 0.06640625
0 0.12173202614379085 0.48046875 0.04084967320261438 0.05859375
0 0.2834967320261438 0.4755859375 0.05065359477124183 0.056640625
0 0.2508169934640523 0.4970703125 0.04411764705882353 0.064453125
0 0.27941176470588236 0.552734375 0.04575163398692811 0.06640625
0 0.45915032679738566 0.5849609375 0.049019607843137254 0.060546875
0 0.4959150326797386 0.6162109375 0.05065359477124183 0.056640625
0 0.46895424836601307 0.65234375 0.058823529411764705 0.07421875
0 0.5073529411764706 0.6826171875 0.057189542483660136 0.064453125
0 0.755718954248366 0.755859375 0.07352941176470588 0.1015625
0 0.7483660130718954 0.6044921875 0.0784313725490196 0.099609375
0 0.792483660130719 0.5908203125 0.05555555555555556 0.083984375
0 0.8431372549019608 0.5361328125 0.0784313725490196 0.115234375
0 0.7826797385620915 0.408203125 0.07516339869281045 0.10546875
0 0.7369281045751634 0.2353515625 0.08169934640522876 0.080078125
0 0.8194444444444444 0.2509765625 0.08333333333333334 0.111328125
0 0.9223856209150327 0.3154296875 0.09640522875816994 0.111328125
0 0.8970588235294118 0.0615234375 0.07189542483660132 0.087890625
0 0.977124183006536 0.12890625 0.04575163398692811 0.0859375
0 0.4027777777777778 0.603515625 0.05392156862745098 0.06640625
0 0.542483660130719 0.189453125 0.06862745098039216 0.09765625
