0 0.5776143790849674 0.0927734375 0.06372549019607843 0.076171875
0 0.28104575163398693 0.2724609375 0.08496732026143791 0.095703125
0 0.19035947712418302 0.33203125 0.09640522875816994 0.09375
0 0.10212418300653595 0.48828125 0.09640522875816994 0.09375
0 0.06372549019607843 0.70703125 0.10130718954248366 0.109375
0 0.04084967320261438 0.8515625 0.0784313725490196 0.10546875
0 0.33496732026143794 0.65234375 0.08496732026143791 0.09765625
0 0.4068627450980392 0.7890625 0.06862745098039216 0.08203125
0 0.4084967320261438 0.9140625 0.05555555555555556 0.05859375
0 0.33415032679738566 0.9482421875 0.07026143790849673 0.087890625
0 0.28104575163398693 0.9580078125 0.06862745098039216 0.083984375
0 0.6993464052287582 0.095703125 0.09150326797385622 0.11328125
0 0.7606209150326798 0.138671875 0.08006535947712419 0.1171875
0 0.6102941176470589 0.498046875 0.07026143790849673 0.09375
0 0.7116013071895425 0.572265625 0.07026143790849673 0.1015625
0 0.673202614379085 0.625 0.06862745098039216 0.1015625
0 0.6258169934640523 0.66015625 0.058823529411764705 0.078125
0 0.5866013071895425 0.62109375 0.06535947712418301 0.09765625
0 0.7148692810457516 0.85546875 0.07026143790849673 0.0859375
0 0.6299019607843137 0.9462890625 0.06372549019607843 0.072265625
0 0.9199346405228759 0.8876953125 0.08496732026143791 0.087890625
0 0.917483660130719 0.3349609375 0.09313725490196079 0.126953125
0 0.9338235294117647 0.212890625 0.119281045751634 0.12109375
0 0.9583333333333334 0.24609375 0.08333333333333334 0.11328125
0 0.3480392156862745 0.392578125 0.07189542483660132 0.0703125
