0 0.5947712418300654 0.515625 0.06862745098039216 0.08984375
0 0.20751633986928106 0.5673828125 0.06209150326797386 0.083984375
0 0.18627450980392157 0.478515625 0.05555555555555556 0.09375
0 0.13398692810457516 0.4921875 0.058823529411764705 0.08984375
0 0.07026143790849673 0.5146484375 0.07516339869281045 0.095703125
0 0.03104575163398693 0.576171875 0.058823529411764705 0.10546875
0 0.04330065359477124 0.7822265625 0.07679738562091504 0.095703125
0 0.3006535947712418 0.794921875 0.05228758169934641 0.06640625
0 0.24754901960784315 0.875 0.07352941176470588 0.09765625
0 0.29820261437908496 0.8857421875 0.057189542483660136 0.095703125
0 0.19281045751633988 0.958984375 0.06862745098039216 0.08203125
0 0.4754901960784314 0.7119140625 0.049019607843137254 0.044921875
0 0.45669934640522875 0.7998046875 0.04738562091503268 0.068359375
0 0.5236928104575164 0.81640625 0.06372549019607843 0.09375
0 0.5580065359477124 0.8203125 0.05392156862745098 0.08984375
0 0.6535947712418301 0.7548828125 0.058823529411764705 0.087890625
0 0.6813725490196079 0.9052734375 0.0784313725490196 0.103515625
0 0.7320261437908497 0.9013671875 0.05555555555555556 0.091796875
0 0.8357843137254902 0.9072265625 0.07026143790849673 0.091796875
0 0.7990196078431373 0.984375 0.07189542483660132 0.03125
