0 0.02369281045751634 0.0263671875 0.04411764705882353 0.048828125
0 0.04411764705882353 0.0556640625 0.058823529411764705 0.068359375
0 0.03758169934640523 0.12109375 0.06209150326797386 0.08203125
0 0.11437908496732027 0.0283203125 0.06535947712418301 0.052734375
0 0.12336601307189543 0.0791015625 0.06699346405228758 0.080078125
0 0.3415032679738562 0.2421875 0.07516339869281045 0.10546875
0 0.375 0.3583984375 0.09313725490196079 0.123046875
0 0.6062091503267975 0.34375 0.10457516339869281 0.1328125
0 0.7017973856209151 0.328125 0.08660130718954248 0.125
0 0.7189542483660131 0.3955078125 0.05228758169934641 0.060546875
0 0.75 0.037109375 0.06209150326797386 0.0703125
0 0.5473856209150327 0.5712890625 0.0784313725490196 0.107421875
0 0.4950980392156863 0.619140625 0.08496732026143791 0.1015625
0 0.5367647058823529 0.6865234375 0.08986928104575163 0.107421875
