0 0.02696078431372549 0.484375 0.05065359477124183 0.125
0 0.20506535947712418 0.830078125 0.08333333333333334 0.1171875
0 0.25653594771241833 0.7705078125 0.0784313725490196 0.123046875
0 0.42647058823529416 0.814453125 0.049019607843137254 0.05859375
0 0.5686274509803921 0.9169921875 0.049019607843137254 0.072265625
0 0.6470588235294118 0.9248046875 0.05228758169934641 0.056640625
0 0.33415032679738566 0.28125 0.08333333333333334 0.11328125
0 0.5220588235294118 0.4208984375 0.06372549019607843 0.099609375
0 0.5040849673202614 0.5234375 0.11274509803921569 0.1328125
0 0.119281045751634 0.8291015625 0.05555555555555556 0.064453125
0 0.1454248366013072 0.7841796875 0.05228758169934641 0.068359375
0 0.16094771241830066 0.861328125 0.04738562091503268 0.05859375
