0 0.040032679738562095 0.53125 0.04084967320261438 0.0703125
0 0.38480392156862747 0.404296875 0.08006535947712419 0.109375
0 0.23366013071895425 0.8115234375 0.06862745098039216 0.076171875
0 0.3872549019607843 0.6640625 0.07516339869281045 0.0859375
0 0.3946078431372549 0.7509765625 0.06372549019607843 0.091796875
0 0.440359477124183 0.7685546875 0.08333333333333334 0.087890625
0 0.5441176470588236 0.2587890625 0.09477124183006536 0.119140625
0 0.9534313725490197 0.466796875 0.09313725490196079 0.1171875
0 0.0196078431372549 0.2373046875 0.03594771241830066 0.068359375
0 0.5563725490196079 0.546875 0.06045751633986928 0.07421875
