0 0.40931372549019607 0.3427734375 0.07679738562091504 0.099609375
0 0.4068627450980392 0.45703125 0.06535947712418301 0.09765625
0 0.45098039215686275 0.470703125 0.07189542483660132 0.11328125
0 0.47875816993464054 0.54296875 0.0784313725490196 0.109375
0 0.46977124183006536 0.61328125 0.04411764705882353 0.06640625
0 0.4436274509803922 0.587890625 0.05392156862745098 0.0703125
0 0.20751633986928106 0.662109375 0.08823529411764706 0.09765625
0 0.18300653594771243 0.705078125 0.09477124183006536 0.1171875
0 0.09068627450980392 0.7900390625 0.07026143790849673 0.115234375
0 0.08251633986928104 0.896484375 0.08660130718954248 0.12109375
0 0.022058823529411766 0.8935546875 0.04084967320261438 0.119140625
0 0.22549019607843138 0.8955078125 0.09803921568627451 0.119140625
0 0.28758169934640526 0.845703125 0.09477124183006536 0.12890625
0 0.7549019607843137 0.48046875 0.07189542483660132 0.109375
0 0.803921568627451 0.5634765625 0.08169934640522876 0.099609375
0 0.7238562091503268 0.703125 0.08823529411764706 0.09765625
0 0.7320261437908497 0.7822265625 0.07516339869281045 0.119140625
0 0.8586601307189543 0.265625 0.06045751633986928 0.08203125
0 0.8848039215686275 0.3701171875 0.06045751633986928 0.091796875
0 0.9191176470588236 0.369140625 0.057189542483660136 0.0859375
0 0.9656862745098039 0.3740234375 0.04575163398692811 0.076171875
