0 0.0196078431372549 0.28125 0.03594771241830066 0.109375
0 0.11356209150326797 0.1630859375 0.08660130718954248 0.099609375
0 0.23366013071895425 0.3779296875 0.06535947712418301 0.099609375
0 0.27450980392156865 0.4091796875 0.049019607843137254 0.080078125
0 0.2589869281045752 0.1220703125 0.07352941176470588 0.107421875
0 0.2573529411764706 0.048828125 0.08006535947712419 0.09375
0 0.29983660130718953 0.0634765625 0.05065359477124183 0.083984375
0 0.4746732026143791 0.087890625 0.08986928104575163 0.12109375
0 0.5776143790849674 0.3291015625 0.09313725490196079 0.111328125
0 0.7393790849673203 0.4111328125 0.07026143790849673 0.095703125
