0 0.14624183006535948 0.4619140625 0.09313725490196079 0.107421875
0 0.33169934640522875 0.8916015625 0.0784313725490196 0.107421875
0 0.38562091503267976 0.935546875 0.06862745098039216 0.0859375
0 0.4616013071895425 0.916015625 0.07679738562091504 0.078125
0 0.4852941176470588 0.9755859375 0.06535947712418301 0.048828125
0 0.6772875816993464 0.1591796875 0.04411764705882353 0.068359375
0 0.5857843137254902 0.224609375 0.04411764705882353 0.06640625
0 0.5547385620915033 0.275390625 0.05065359477124183 0.05859375
0 0.5326797385620915 0.3037109375 0.05228758169934641 0.068359375
0 0.9689542483660131 0.1953125 0.06209150326797386 0.1015625
0 0.9305555555555556 0.2470703125 0.08006535947712419 0.099609375
