0 0.06781045751633988 0.07421875 0.06372549019607843 0.08203125
0 0.16339869281045752 0.0810546875 0.058823529411764705 0.099609375
0 0.1315359477124183 0.32421875 0.06372549019607843 0.09375
0 0.19607843137254902 0.29296875 0.07189542483660132 0.1015625
0 0.07598039215686275 0.92578125 0.08006535947712419 0.09375
0 0.4901960784313726 0.31640625 0.07189542483660132 0.12890625
0 0.33169934640522875 0.9345703125 0.11437908496732027 0.126953125
0 0.4215686274509804 0.9287109375 0.08169934640522876 0.119140625
0 0.7312091503267975 0.701171875 0.08986928104575163 0.12109375
0 0.5612745098039216 0.859375 0.07352941176470588 0.1015625
0 0.7565359477124183 0.884765625 0.09150326797385622 0.1328125
0 0.9330065359477124 0.3251953125 0.06862745098039216 0.107421875
