0 0.4681372549019608 0.482421875 0.07026143790849673 0.1015625
0 0.29411764705882354 0.2646484375 0.07516339869281045 0.099609375
0 0.315359477124183 0.2197265625 0.08496732026143791 0.111328125
0 0.4207516339869281 0.3828125 0.057189542483660136 0.1015625
0 0.4624183006535948 0.37109375 0.058823529411764705 0.1015625
0 0.5089869281045751 0.392578125 0.07352941176470588 0.10546875
0 0.5400326797385621 0.359375 0.06699346405228758 0.1015625
0 0.607843137254902 0.287109375 0.058823529411764705 0.08984375
0 0.5718954248366013 0.2392578125 0.06862745098039216 0.064453125
0 0.5767973856209151 0.1787109375 0.06535947712418301 0.068359375
0 0.571078431372549 0.107421875 0.07352941176470588 0.08984375
0 0.10294117647058824 0.3173828125 0.07516339869281045 0.080078125
0 0.14460784313725492 0.98046875 0.06045751633986928 0.0390625
0 0.14379084967320263 0.7685546875 0.042483660130718956 0.060546875
0 0.02042483660130719 0.775390625 0.03758169934640523 0.05078125
0 0.1781045751633987 0.8330078125 0.042483660130718956 0.056640625
0 0.9763071895424837 0.201171875 0.04411764705882353 0.05859375
0 0.41748366013071897 0.17578125 0.06699346405228758 0.05859375
