0 0.02696078431372549 0.234375 0.05065359477124183 0.09765625
0 0.01715686274509804 0.34375 0.03104575163398693 0.11328125
0 0.0392156862745098 0.5302734375 0.07516339869281045 0.126953125
0 0.09477124183006536 0.5888671875 0.07516339869281045 0.107421875
0 0.13643790849673204 0.6904296875 0.08660130718954248 0.111328125
0 0.13643790849673204 0.8466796875 0.057189542483660136 0.072265625
0 0.12254901960784315 0.7666015625 0.05555555555555556 0.068359375
0 0.09558823529411765 0.787109375 0.05065359477124183 0.06640625
0 0.2042483660130719 0.35546875 0.08823529411764706 0.1171875
0 0.24754901960784315 0.2919921875 0.08986928104575163 0.119140625
0 0.3243464052287582 0.0634765625 0.057189542483660136 0.083984375
0 0.37173202614379086 0.0673828125 0.06045751633986928 0.091796875
0 0.37254901960784315 0.1748046875 0.06209150326797386 0.076171875
0 0.42728758169934644 0.18359375 0.06372549019607843 0.078125
0 0.494281045751634 0.10546875 0.06699346405228758 0.0703125
0 0.5547385620915033 0.4814453125 0.07352941176470588 0.107421875
0 0.5906862745098039 0.6904296875 0.06699346405228758 0.087890625
0 0.571078431372549 0.78515625 0.06699346405228758 0.0859375
0 0.7050653594771242 0.6708984375 0.07352941176470588 0.103515625
0 0.7630718954248367 0.7021484375 0.07189542483660132 0.095703125
0 0.8088235294117647 0.7275390625 0.06209150326797386 0.091796875
0 0.9166666666666667 0.26171875 0.06862745098039216 0.0859375
0 0.9436274509803921 0.326171875 0.07679738562091504 0.09765625
0 0.9746732026143791 0.2705078125 0.05065359477124183 0.099609375
