0 0.15114379084967322 0.04296875 0.06699346405228758 0.07421875
0 0.18790849673202614 0.1025390625 0.06535947712418301 0.080078125
0 0.27941176470588236 0.326171875 0.09150326797385622 0.10546875
0 0.24591503267973858 0.421875 0.10294117647058824 0.11328125
0 0.4150326797385621 0.296875 0.06535947712418301 0.0859375
0 0.6045751633986929 0.4326171875 0.09150326797385622 0.111328125
0 0.6715686274509804 0.3935546875 0.08496732026143791 0.111328125
0 0.7377450980392157 0.154296875 0.10620915032679738 0.12890625
0 0.9142156862745099 0.08984375 0.09313725490196079 0.12109375
0 0.8856209150326798 0.279296875 0.06209150326797386 0.0859375
0 0.8897058823529412 0.365234375 0.07679738562091504 0.12109375
