0 0.3300653594771242 0.1552734375 0.07189542483660132 0.076171875
0 0.11601307189542484 0.546875 0.06209150326797386 0.0703125
0 0.16094771241830066 0.5341796875 0.04738562091503268 0.060546875
0 0.3504901960784314 0.6328125 0.05065359477124183 0.078125
0 0.12009803921568628 0.8525390625 0.05065359477124183 0.072265625
0 0.14624183006535948 0.8662109375 0.03758169934640523 0.060546875
0 0.16258169934640523 0.8955078125 0.04738562091503268 0.068359375
0 0.4297385620915033 0.1513671875 0.05228758169934641 0.083984375
0 0.47875816993464054 0.142578125 0.06535947712418301 0.09375
0 0.9689542483660131 0.0888671875 0.058823529411764705 0.095703125
0 0.8349673202614379 0.958984375 0.06862745098039216 0.08203125
0 0.8897058823529412 0.955078125 0.07679738562091504 0.08984375
0 0.5473856209150327 0.5419921875 0.04575163398692811 0.052734375
0 0.5686274509803921 0.6162109375 0.042483660130718956 0.056640625
0 0.5702614379084967 0.5224609375 0.04575163398692811 0.052734375
0 0.5408496732026143 0.5732421875 0.042483660130718956 0.048828125
0 0.571078431372549 0.5751953125 0.04411764705882353 0.048828125
