0 0.16666666666666669 0.326171875 0.08169934640522876 0.1171875
0 0.16094771241830066 0.4248046875 0.08986928104575163 0.111328125
0 0.09640522875816994 0.4267578125 0.0784313725490196 0.115234375
0 0.4477124183006536 0.060546875 0.09150326797385622 0.07421875
0 0.3014705882352941 0.4794921875 0.08006535947712419 0.126953125
0 0.5130718954248367 0.533203125 0.09150326797385622 0.12109375
0 0.23937908496732027 0.5283203125 0.08986928104575163 0.126953125
0 0.3112745098039216 0.578125 0.09313725490196079 0.12890625
0 0.2769607843137255 0.6142578125 0.08986928104575163 0.123046875
0 0.4681372549019608 0.685546875 0.08006535947712419 0.13671875
0 0.4166666666666667 0.7607421875 0.09477124183006536 0.123046875
