0 0.12091503267973856 0.29296875 0.07516339869281045 0.08984375
0 0.09395424836601307 0.51953125 0.057189542483660136 0.078125
0 0.02777777777777778 0.732421875 0.05228758169934641 0.08203125
0 0.05800653594771242 0.875 0.09640522875816994 0.11328125
0 0.43790849673202614 0.7900390625 0.06862745098039216 0.087890625
0 0.4575163398692811 0.7265625 0.06535947712418301 0.0703125
0 0.513888888888889 0.7275390625 0.06699346405228758 0.087890625
0 0.565359477124183 0.6103515625 0.0784313725490196 0.099609375
0 0.6740196078431373 0.5205078125 0.06699346405228758 0.095703125
0 0.6838235294117647 0.619140625 0.06045751633986928 0.08984375
0 0.8308823529411765 0.65625 0.05392156862745098 0.09375
0 0.9354575163398693 0.6572265625 0.08333333333333334 0.111328125
0 0.8668300653594772 0.8447265625 0.07026143790849673 0.095703125
0 0.8333333333333334 0.8232421875 0.05555555555555556 0.087890625
0 0.6225490196078431 0.9072265625 0.05228758169934641 0.072265625
0 0.6658496732026143 0.9052734375 0.04738562091503268 0.064453125
0 0.5416666666666666 0.9794921875 0.05392156862745098 0.041015625
0 0.6870915032679739 0.7138671875 0.04738562091503268 0.060546875
