0 0.10866013071895425 0.0947265625 0.07352941176470588 0.115234375
0 0.15522875816993464 0.140625 0.06862745098039216 0.10546875
0 0.17483660130718956 0.4873046875 0.0784313725490196 0.099609375
0 0.09885620915032681 0.5009765625 0.08006535947712419 0.111328125
0 0.2173202614379085 0.6064453125 0.06535947712418301 0.103515625
0 0.1707516339869281 0.6396484375 0.07352941176470588 0.119140625
0 0.03349673202614379 0.8857421875 0.06372549019607843 0.091796875
0 0.1715686274509804 0.763671875 0.042483660130718956 0.0625
0 0.21650326797385622 0.8125 0.08333333333333334 0.1015625
0 0.352124183006536 0.7412109375 0.06045751633986928 0.091796875
0 0.6021241830065359 0.8740234375 0.06372549019607843 0.087890625
0 0.6519607843137255 0.90234375 0.07189542483660132 0.08203125
