0 0.03104575163398693 0.1474609375 0.058823529411764705 0.076171875
0 0.07026143790849673 0.1943359375 0.05555555555555556 0.076171875
0 0.09068627450980392 0.2265625 0.05392156862745098 0.0703125
0 0.20098039215686275 0.3115234375 0.05555555555555556 0.091796875
0 0.2540849673202614 0.5380859375 0.07352941176470588 0.095703125
0 0.2573529411764706 0.7060546875 0.07026143790849673 0.099609375
0 0.42647058823529416 0.9697265625 0.07516339869281045 0.060546875
0 0.667483660130719 0.84375 0.08660130718954248 0.11328125
0 0.6748366013071896 0.7783203125 0.0784313725490196 0.087890625
0 0.8178104575163399 0.763671875 0.08986928104575163 0.125
0 0.9199346405228759 0.751953125 0.09150326797385622 0.140625
0 0.9803921568627452 0.595703125 0.0392156862745098 0.12109375
