0 0.11356209150326797 0.4677734375 0.06372549019607843 0.091796875
0 0.14869281045751634 0.54296875 0.07189542483660132 0.11328125
0 0.34068627450980393 0.462890625 0.08006535947712419 0.109375
0 0.4812091503267974 0.33984375 0.08660130718954248 0.09765625
0 0.8006535947712419 0.060546875 0.08823529411764706 0.09765625
0 0.8937908496732027 0.0732421875 0.05555555555555556 0.052734375
0 0.8276143790849674 0.2236328125 0.06372549019607843 0.080078125
0 0.7704248366013072 0.287109375 0.05065359477124183 0.078125
0 0.8643790849673203 0.287109375 0.0784313725490196 0.0859375
0 0.45996732026143794 0.619140625 0.07026143790849673 0.1015625
0 0.2573529411764706 0.7724609375 0.05065359477124183 0.095703125
0 0.4305555555555556 0.8876953125 0.07679738562091504 0.111328125
0 0.6299019607843137 0.9130859375 0.08333333333333334 0.115234375
0 0.6919934640522876 0.9658203125 0.05065359477124183 0.068359375
0 0.7459150326797386 0.9306640625 0.057189542483660136 0.080078125
0 0.8006535947712419 0.642578125 0.06535947712418301 0.08984375
0 0.9248366013071896 0.6533203125 0.06535947712418301 0.083984375
0 0.9697712418300654 0.7001953125 0.05392156862745098 0.087890625
