0 0.40032679738562094 0.3017578125 0.05228758169934641 0.076171875
0 0.25326797385620914 0.595703125 0.042483660130718956 0.05859375
0 0.24918300653594772 0.646484375 0.04084967320261438 0.05078125
0 0.28513071895424835 0.6552734375 0.04738562091503268 0.056640625
0 0.3831699346405229 0.7763671875 0.05065359477124183 0.072265625
0 0.4199346405228758 0.8466796875 0.06209150326797386 0.072265625
0 0.5800653594771242 0.9169921875 0.04575163398692811 0.080078125
0 0.6168300653594772 0.9208984375 0.057189542483660136 0.072265625
0 0.6740196078431373 0.302734375 0.06699346405228758 0.08203125
0 0.7116013071895425 0.3515625 0.05392156862745098 0.08203125
0 0.7696078431372549 0.3447265625 0.05228758169934641 0.083984375
0 0.5326797385620915 0.3583984375 0.04575163398692811 0.060546875
0 0.917483660130719 0.48046875 0.06372549019607843 0.078125
0 0.8259803921568628 0.6494140625 0.04738562091503268 0.056640625
0 0.809640522875817 0.8544921875 0.05392156862745098 0.076171875
0 0.9689542483660131 0.8056640625 0.0392156862745098 0.068359375
