0 0.29901960784313725 0.861328125 0.06862745098039216 0.140625
0 0.3831699346405229 0.8271484375 0.09313725490196079 0.119140625
0 0.579248366013072 0.9638671875 0.08660130718954248 0.072265625
0 0.5612745098039216 0.91015625 0.06699346405228758 0.078125
0 0.6013071895424836 0.677734375 0.08169934640522876 0.109375
0 0.6323529411764706 0.55859375 0.07189542483660132 0.1171875
0 0.4477124183006536 0.0458984375 0.08496732026143791 0.087890625
0 0.6446078431372549 0.1591796875 0.08986928104575163 0.111328125
0 0.6968954248366013 0.2587890625 0.08006535947712419 0.111328125
0 0.8464052287581699 0.3466796875 0.10130718954248366 0.126953125
0 0.9084967320261438 0.3623046875 0.07189542483660132 0.111328125
0 0.9501633986928105 0.4716796875 0.07679738562091504 0.123046875
0 0.8398692810457516 0.63671875 0.05555555555555556 0.11328125
0 0.9199346405228759 0.6650390625 0.08823529411764706 0.123046875
0 0.7745098039215687 0.7724609375 0.06209150326797386 0.091796875
0 0.8186274509803921 0.7998046875 0.07189542483660132 0.099609375
0 0.9452614379084968 0.8828125 0.08660130718954248 0.12109375
0 0.9117647058823529 0.9453125 0.09150326797385622 0.109375
