0 0.03839869281045752 0.5908203125 0.06372549019607843 0.095703125
0 0.09722222222222222 0.599609375 0.07679738562091504 0.09765625
0 0.16094771241830066 0.6474609375 0.05392156862745098 0.087890625
0 0.20751633986928106 0.65625 0.05555555555555556 0.08203125
0 0.352124183006536 0.4130859375 0.057189542483660136 0.072265625
0 0.4084967320261438 0.4169921875 0.04575163398692811 0.083984375
0 0.3709150326797386 0.4814453125 0.05555555555555556 0.080078125
0 0.4281045751633987 0.6259765625 0.06209150326797386 0.087890625
0 0.5490196078431373 0.62890625 0.0784313725490196 0.0859375
0 0.6413398692810458 0.3681640625 0.06699346405228758 0.076171875
0 0.7017973856209151 0.365234375 0.08333333333333334 0.08203125
0 0.630718954248366 0.8486328125 0.08169934640522876 0.076171875
