0 0.10866013071895425 0.228515625 0.08986928104575163 0.10546875
0 0.4411764705882353 0.5 0.09477124183006536 0.1328125
0 0.16748366013071897 0.8818359375 0.08006535947712419 0.107421875
0 0.6740196078431373 0.591796875 0.09313725490196079 0.109375
0 0.6821895424836601 0.6962890625 0.09640522875816994 0.119140625
0 0.821078431372549 0.8359375 0.08006535947712419 0.10546875
0 0.8570261437908497 0.5361328125 0.08333333333333334 0.107421875
0 0.9722222222222222 0.634765625 0.05555555555555556 0.078125
0 0.7957516339869282 0.25 0.08496732026143791 0.10546875
0 0.7573529411764706 0.1259765625 0.09313725490196079 0.119140625
0 0.7181372549019608 0.0400390625 0.09640522875816994 0.076171875
0 0.5506535947712419 0.1015625 0.0784313725490196 0.08984375
